0  1 0
0.0628319  0.996068 -0.0625848
0.125664  0.988234 -0.124677
0.188496  0.976545 -0.186035
0.251327  0.961062 -0.246421
0.314159  0.941861 -0.3056
0.376991  0.919031 -0.363344
0.439823  0.892677 -0.419433
0.502655  0.862917 -0.473651
0.565487  0.82988 -0.525794
0.628319  0.79371 -0.575664
0.69115  0.754561 -0.623075
0.753982  0.712599 -0.667849
0.816814  0.668 -0.709821
0.879646  0.620949 -0.748836
0.942478  0.571641 -0.784753
1.00531  0.52028 -0.817443
1.06814  0.467075 -0.846791
1.13097  0.412242 -0.872692
1.19381  0.356003 -0.895061
1.25664  0.298586 -0.913821
1.31947  0.240221 -0.928915
1.3823  0.18114 -0.940296
1.44513  0.12158 -0.947935
1.50796  0.0617753 -0.951817
1.5708  0.0019631 -0.95194
1.63363  -0.0576216 -0.94832
1.69646  -0.116745 -0.940984
1.75929  -0.175178 -0.929978
1.82212  -0.232691 -0.915357
1.88496  -0.289064 -0.897195
1.94779  -0.344078 -0.875576
2.01062  -0.397522 -0.850599
2.07345  -0.449194 -0.822375
2.13628  -0.498896 -0.791029
2.19911  -0.54644 -0.756695
2.26195  -0.591649 -0.71952
2.32478  -0.634353 -0.679663
2.38761  -0.674395 -0.637289
2.45044  -0.711628 -0.592576
2.51327  -0.745916 -0.545709
2.57611  -0.777136 -0.49688
2.63894  -0.805177 -0.446289
2.70177  -0.829942 -0.394143
2.7646  -0.851346 -0.340651
2.82743  -0.869317 -0.28603
2.89027  -0.8838 -0.230499
2.9531  -0.89475 -0.174281
3.01593  -0.902139 -0.117597
3.07876  -0.905952 -0.0606749
3.14159  -0.906186 -0.0037375
3.20442  -0.902857 0.0529907
3.26726  -0.89599 0.109287
3.33009  -0.885627 0.164933
3.39292  -0.871822 0.219711
3.45575  -0.854643 0.27341
3.51858  -0.834171 0.325823
3.58142  -0.8105 0.376748
3.64425  -0.783734 0.425991
3.70708  -0.753991 0.473366
3.76991  -0.721401 0.518693
3.83274  -0.686102 0.561802
3.89557  -0.648244 0.602532
3.95841  -0.607985 0.640733
4.02124  -0.565494 0.676264
4.08407  -0.520947 0.708996
4.1469  -0.474526 0.738812
4.20973  -0.426421 0.765604
4.27257  -0.376829 0.789281
4.3354  -0.325951 0.809761
4.39823  -0.27399 0.826977
4.46106  -0.221157 0.840872
4.52389  -0.167661 0.851407
4.58673  -0.113717 0.858552
4.64956  -0.0595373 0.862293
4.71239  -0.00533681 0.862628
4.77522  0.0486716 0.85957
4.83805  0.102276 0.853144
4.90088  0.155268 0.843388
4.96372  0.20744 0.830354
5.02655  0.258592 0.814106
5.08938  0.308526 0.794721
5.15221  0.35705 0.772287
5.21504  0.40398 0.746904
5.27788  0.449136 0.718684
5.34071  0.492348 0.687749
5.40354  0.533455 0.654231
5.46637  0.572302 0.618272
5.5292  0.608746 0.580023
5.59203  0.642653 0.539644
5.65487  0.673899 0.497302
5.7177  0.702373 0.453171
5.78053  0.727973 0.407431
5.84336  0.750609 0.360269
5.90619  0.770205 0.311875
5.96903  0.786695 0.262446
6.03186  0.800026 0.212179
6.09469  0.810159 0.161275
6.15752  0.817067 0.109937
6.22035  0.820734 0.0583687
6.28319  0.82116 0.00677375
6.34602  0.818355 -0.044645
6.40885  0.812343 -0.095686
6.47168  0.80316 -0.14615
6.53451  0.790855 -0.195841
6.59734  0.775488 -0.244566
6.66018  0.757133 -0.292138
6.72301  0.735872 -0.338374
6.78584  0.711801 -0.383098
6.84867  0.685026 -0.42614
6.9115  0.655662 -0.467336
6.97434  0.623836 -0.506533
7.03717  0.589682 -0.543584
7.1  0.553343 -0.578351
7.16283  0.514971 -0.610708
7.22566  0.474725 -0.640536
7.28849  0.43277 -0.667727
7.35133  0.389279 -0.692187
7.41416  0.344428 -0.713828
7.47699  0.298399 -0.732576
7.53982  0.251377 -0.748371
7.60265  0.203552 -0.761161
7.66549  0.155114 -0.770907
7.72832  0.106257 -0.777583
7.79115  0.0571747 -0.781175
7.85398  0.00806022 -0.781682
7.91681  -0.0408929 -0.779112
7.97965  -0.0894926 -0.773489
8.04248  -0.137549 -0.764847
8.10531  -0.184876 -0.753231
8.16814  -0.23129 -0.738698
8.23097  -0.276612 -0.721318
8.2938  -0.320668 -0.70117
8.35664  -0.363289 -0.678344
8.41947  -0.404315 -0.65294
8.4823  -0.443589 -0.625069
8.54513  -0.480964 -0.594849
8.60796  -0.516302 -0.562409
8.6708  -0.54947 -0.527885
8.73363  -0.580346 -0.49142
8.79646  -0.60882 -0.453167
8.85929  -0.634787 -0.413282
8.92212  -0.658156 -0.371929
8.98495  -0.678845 -0.329276
9.04779  -0.696783 -0.285496
9.11062  -0.711911 -0.240765
9.17345  -0.72418 -0.195263
9.23628  -0.733553 -0.149173
9.29911  -0.740004 -0.102677
9.36195  -0.74352 -0.0559605
9.42478  -0.744099 -0.00920736
9.48761  -0.741749 0.0373981
9.55044  -0.736491 0.0836732
9.61327  -0.728359 0.129437
9.67611  -0.717394 0.174513
9.73894  -0.703651 0.218724
9.80177  -0.687195 0.261902
9.8646  -0.668102 0.30388
9.92743  -0.646456 0.344498
9.99026  -0.622354 0.383602
10.0531  -0.595899 0.421043
10.1159  -0.567205 0.456682
10.1788  -0.536393 0.490384
10.2416  -0.503593 0.522026
10.3044  -0.468942 0.55149
10.3673  -0.432583 0.57867
10.4301  -0.394666 0.603468
10.4929  -0.355346 0.625795
10.5558  -0.314784 0.645574
10.6186  -0.273143 0.662736
10.6814  -0.230591 0.677224
10.7442  -0.187301 0.688993
10.8071  -0.143444 0.698005
10.8699  -0.0991953 0.704238
10.9327  -0.0547306 0.707677
10.9956  -0.0102256 0.708319
11.0584  0.0341446 0.706174
11.1212  0.0782061 0.70126
11.1841  0.121787 0.693608
11.2469  0.164717 0.683259
11.3097  0.206831 0.670263
11.3726  0.247966 0.654683
11.4354  0.287964 0.636589
11.4982  0.326673 0.616064
11.5611  0.363944 0.593197
11.6239  0.399638 0.568087
11.6867  0.43362 0.540842
11.7496  0.465764 0.511577
11.8124  0.495949 0.480415
11.8752  0.524065 0.447487
11.9381  0.55001 0.412929
12.0009  0.573691 0.376883
12.0637  0.595022 0.339497
12.1265  0.613929 0.300923
12.1894  0.630348 0.261317
12.2522  0.644224 0.220839
12.315  0.655512 0.179652
12.3779  0.664178 0.13792
12.4407  0.670198 0.0958104
12.5035  0.673559 0.0534895
12.5664  0.674258 0.0111247
12.6292  0.672302 -0.0311174
12.692  0.667711 -0.0730709
12.7549  0.660512 -0.114572
12.8177  0.650745 -0.15546
12.8805  0.638456 -0.195575
12.9434  0.623706 -0.234764
13.0062  0.60656 -0.272875
13.069  0.587097 -0.309763
13.1319  0.565402 -0.345289
13.1947  0.541569 -0.379316
13.2575  0.5157 -0.411719
13.3204  0.487905 -0.442375
13.3832  0.4583 -0.471171
13.446  0.42701 -0.498
13.5088  0.394164 -0.522766
13.5717  0.359897 -0.545379
13.6345  0.324349 -0.565759
13.6973  0.287665 -0.583833
13.7602  0.249995 -0.599541
13.823  0.21149 -0.612829
13.8858  0.172305 -0.623656
13.9487  0.132596 -0.631987
14.0115  0.0925215 -0.6378
14.0743  0.0522411 -0.641083
14.1372  0.0119136 -0.641831
14.2  -0.0283021 -0.640053
14.2628  -0.0682483 -0.635765
14.3257  -0.107769 -0.628993
14.3885  -0.146711 -0.619775
14.4513  -0.184922 -0.608156
14.5142  -0.222257 -0.594191
14.577  -0.25857 -0.577945
14.6398  -0.293724 -0.55949
14.7027  -0.327584 -0.538907
14.7655  -0.360023 -0.516286
14.8283  -0.390919 -0.491724
14.8911  -0.420157 -0.465325
14.954  -0.447627 -0.4372
15.0168  -0.473228 -0.407466
15.0796  -0.496869 -0.376247
15.1425  -0.518462 -0.343671
15.2053  -0.537932 -0.309871
15.2681  -0.55521 -0.274986
15.331  -0.570237 -0.239157
15.3938  -0.582962 -0.202529
15.4566  -0.593345 -0.165248
15.5195  -0.601353 -0.127464
15.5823  -0.606966 -0.089327
15.6451  -0.61017 -0.0509889
15.708  -0.610961 -0.0126011
15.7708  -0.609348 0.0256854
15.8336  -0.605344 0.0637203
15.8965  -0.598976 0.101355
15.9593  -0.590277 0.138443
16.0221  -0.579291 0.174841
16.085  -0.566071 0.210408
16.1478  -0.550677 0.245009
16.2106  -0.533177 0.278509
16.2734  -0.51365 0.310783
16.3363  -0.49218 0.341707
16.3991  -0.468859 0.371167
16.4619  -0.443786 0.39905
16.5248  -0.417067 0.425256
16.5876  -0.388812 0.449685
16.6504  -0.35914 0.472251
16.7133  -0.328172 0.49287
16.7761  -0.296035 0.511471
16.8389  -0.262861 0.527987
16.9018  -0.228783 0.542362
16.9646  -0.19394 0.554547
17.0274  -0.158471 0.564504
17.0903  -0.122518 0.572202
17.1531  -0.0862255 0.57762
17.2159  -0.0497362 0.580745
17.2788  -0.0131948 0.581574
17.3416  0.0232547 0.580113
17.4044  0.0594695 0.576376
17.4673  0.0953081 0.570388
17.5301  0.130631 0.56218
17.5929  0.165301 0.551794
17.6558  0.199185 0.539279
17.7186  0.232152 0.524692
17.7814  0.264077 0.5081
17.8442  0.294838 0.489575
17.9071  0.324319 0.469197
17.9699  0.352408 0.447055
18.0327  0.379001 0.423241
18.0956  0.403999 0.397857
18.1584  0.42731 0.371009
18.2212  0.448849 0.342807
18.2841  0.468539 0.313367
18.3469  0.486308 0.282812
18.4097  0.502096 0.251264
18.4726  0.515847 0.218852
18.5354  0.527515 0.185708
18.5982  0.537063 0.151963
18.6611  0.544462 0.117754
18.7239  0.549691 0.0832154
18.7867  0.552737 0.048486
18.8496  0.553598 0.0137024
18.9124  0.552279 -0.0209983
18.9752  0.548793 -0.05548
19.0381  0.543162 -0.0896079
19.1009  0.535418 -0.123249
19.1637  0.525599 -0.156274
19.2265  0.513752 -0.188554
19.2894  0.499931 -0.219965
19.3522  0.484199 -0.250388
19.415  0.466625 -0.279707
19.4779  0.447284 -0.307811
19.5407  0.426261 -0.334594
19.6035  0.403644 -0.359955
19.6664  0.379529 -0.383802
19.7292  0.354017 -0.406046
19.792  0.327212 -0.426605
19.8549  0.299227 -0.445406
19.9177  0.270175 -0.462381
19.9805  0.240174 -0.477472
20.0434  0.209347 -0.490626
20.1062  0.177818 -0.501798
20.169  0.145714 -0.510954
20.2319  0.113163 -0.518064
20.2947  0.0802952 -0.523109
20.3575  0.0472408 -0.526077
20.4204  0.0141306 -0.526965
20.4832  -0.018905 -0.525777
20.546  -0.0517363 -0.522527
20.6088  -0.0842351 -0.517234
20.6717  -0.116275 -0.509928
20.7345  -0.147731 -0.500646
20.7973  -0.178483 -0.489432
20.8602  -0.208412 -0.476337
20.923  -0.237404 -0.46142
20.9858  -0.265349 -0.444748
21.0487  -0.29214 -0.426392
21.1115  -0.317676 -0.406432
21.1743  -0.341864 -0.384952
21.2372  -0.364612 -0.362043
21.3  -0.385836 -0.3378
21.3628  -0.40546 -0.312324
21.4257  -0.423412 -0.28572
21.4885  -0.439629 -0.258098
21.5513  -0.454053 -0.229569
21.6142  -0.466635 -0.200249
21.677  -0.477333 -0.170257
21.7398  -0.486111 -0.139714
21.8027  -0.492944 -0.108742
21.8655  -0.497811 -0.0774632
21.9283  -0.500702 -0.0460032
21.9911  -0.501612 -0.014486
22.054  -0.500546 0.0169642
22.1168  -0.497516 0.0482241
22.1796  -0.492541 0.0791714
22.2425  -0.48565 0.109686
22.3053  -0.476875 0.139649
22.3681  -0.46626 0.168945
22.431  -0.453853 0.197461
22.4938  -0.43971 0.225089
22.5566  -0.423894 0.251723
22.6195  -0.406473 0.277262
22.6823  -0.387523 0.301611
22.7451  -0.367122 0.324678
22.808  -0.345359 0.346378
22.8708  -0.322323 0.36663
22.9336  -0.29811 0.385361
22.9965  -0.27282 0.402502
23.0593  -0.246557 0.417994
23.1221  -0.219427 0.431781
23.185  -0.191541 0.443816
23.2478  -0.163012 0.454058
23.3106  -0.133954 0.462475
23.3734  -0.104483 0.46904
23.4363  -0.0747176 0.473734
23.4991  -0.0447752 0.476548
23.5619  -0.0147745 0.477476
23.6248  0.0151663 0.476523
23.6876  0.0449298 0.4737
23.7504  0.0743995 0.469025
23.8133  0.103461 0.462525
23.8761  0.132001 0.454231
23.9389  0.15991 0.444183
24.0018  0.18708 0.432429
24.0646  0.213408 0.41902
24.1274  0.238793 0.404016
24.1903  0.263139 0.387483
24.2531  0.286355 0.36949
24.3159  0.308353 0.350116
24.3788  0.329053 0.329441
24.4416  0.348377 0.307552
24.5044  0.366255 0.284539
24.5673  0.382623 0.260498
24.6301  0.397421 0.235528
24.6929  0.410599 0.209729
24.7558  0.42211 0.183207
24.8186  0.431916 0.156069
24.8814  0.439985 0.128424
24.9442  0.446293 0.100383
25.0071  0.45082 0.0720566
25.0699  0.453557 0.0435588
25.1327  0.4545 0.0150018
25.1956  0.453651 -0.013502
25.2584  0.451022 -0.0418405
25.3212  0.44663 -0.0699031
25.3841  0.440499 -0.0975805
25.4469  0.43266 -0.124765
25.5097  0.42315 -0.151353
25.5726  0.412014 -0.17724
25.6354  0.399301 -0.202329
25.6982  0.385068 -0.226524
25.7611  0.369377 -0.249732
25.8239  0.352295 -0.271868
25.8867  0.333895 -0.292847
25.9496  0.314254 -0.312592
26.0124  0.293455 -0.33103
26.0752  0.271583 -0.348094
26.1381  0.24873 -0.363723
26.2009  0.224989 -0.377859
26.2637  0.200456 -0.390454
26.3265  0.175231 -0.401464
26.3894  0.149416 -0.410852
26.4522  0.123116 -0.418588
26.515  0.0964343 -0.424647
26.5779  0.0694786 -0.429012
26.6407  0.0423558 -0.431674
26.7035  0.015173 -0.432627
26.7664  -0.0119625 -0.431875
26.8292  -0.0389443 -0.429428
26.892  -0.0656668 -0.425302
26.9549  -0.0920261 -0.41952
27.0177  -0.11792 -0.412111
27.0805  -0.143248 -0.403111
27.1434  -0.167913 -0.39256
27.2062  -0.191821 -0.380508
27.269  -0.214881 -0.367006
27.3319  -0.237005 -0.352115
27.3947  -0.25811 -0.335897
27.4575  -0.278117 -0.318423
27.5204  -0.296952 -0.299765
27.5832  -0.314545 -0.280001
27.646  -0.330832 -0.259215
27.7088  -0.345754 -0.23749
27.7717  -0.359257 -0.214917
27.8345  -0.371295 -0.191588
27.8973  -0.381826 -0.167597
27.9602  -0.390813 -0.143042
28.023  -0.398229 -0.11802
28.0858  -0.404049 -0.0926333
28.1487  -0.408258 -0.0669817
28.2115  -0.410844 -0.0411676
28.2743  -0.411805 -0.0152931
28.3372  -0.411143 0.0105398
28.4  -0.408867 0.0362296
28.4628  -0.404991 0.061676
28.5257  -0.399539 0.0867798
28.5885  -0.392537 0.111444
28.6513  -0.384018 0.135572
28.7142  -0.374024 0.159073
28.777  -0.362597 0.181855
28.8398  -0.34979 0.203833
28.9027  -0.335658 0.224923
28.9655  -0.320261 0.245046
29.0283  -0.303665 0.264126
29.0911  -0.285941 0.282092
29.154  -0.267162 0.298878
29.2168  -0.247406 0.314423
29.2796  -0.226755 0.328671
29.3425  -0.205294 0.34157
29.4053  -0.183109 0.353075
29.4681  -0.160292 0.363146
29.531  -0.136935 0.37175
29.5938  -0.11313 0.378858
29.6566  -0.0889745 0.384449
29.7195  -0.064564 0.388505
29.7823  -0.0399956 0.391018
29.8451  -0.0153665 0.391984
29.908  0.00922614 0.391404
29.9708  0.0336858 0.389288
30.0336  0.0579168 0.385649
30.0965  0.0818248 0.380508
30.1593  0.105317 0.37389
30.2221  0.128303 0.365829
30.285  0.150694 0.35636
30.3478  0.172404 0.345528
30.4106  0.193351 0.333379
30.4734  0.213455 0.319968
30.5363  0.23264 0.30535
30.5991  0.250836 0.28959
30.6619  0.267973 0.272753
30.7248  0.28399 0.254909
30.7876  0.298827 0.236133
30.8504  0.31243 0.216503
30.9133  0.324751 0.196098
30.9761  0.335747 0.175002
31.0389  0.345379 0.153302
31.1018  0.353615 0.131083
31.1646  0.360428 0.108437
31.2274  0.365798 0.0854532
31.2903  0.369707 0.0622238
31.3531  0.372148 0.038841
31.4159  0.373115 0.0153975
31.4788  0.372612 -0.00801437
31.5416  0.370645 -0.0313027
31.6044  0.367228 -0.0543763
31.6673  0.362381 -0.0771454
31.7301  0.356128 -0.0995215
31.7929  0.348499 -0.121418
31.8557  0.33953 -0.142752
31.9186  0.32926 -0.16344
31.9814  0.317737 -0.183404
32.0442  0.305009 -0.202568
32.1071  0.291132 -0.22086
32.1699  0.276165 -0.238212
32.2327  0.26017 -0.254559
32.2956  0.243216 -0.269841
32.3584  0.225371 -0.284001
32.4212  0.206711 -0.296989
32.4841  0.187311 -0.308759
32.5469  0.167251 -0.319267
32.6097  0.146612 -0.328479
32.6726  0.125478 -0.336363
32.7354  0.103933 -0.342893
32.7982  0.0820644 -0.34805
32.8611  0.0599591 -0.351817
32.9239  0.0377049 -0.354186
32.9867  0.01539 -0.355153
33.0496  -0.00689772 -0.35472
33.1124  -0.0290707 -0.352893
33.1752  -0.0510421 -0.349686
33.2381  -0.0727264 -0.345117
33.3009  -0.0940395 -0.339208
33.3637  -0.114899 -0.331989
33.4265  -0.135225 -0.323492
33.4894  -0.154938 -0.313757
33.5522  -0.173966 -0.302827
33.615  -0.192234 -0.290748
33.6779  -0.209674 -0.277574
33.7407  -0.226222 -0.26336
33.8035  -0.241814 -0.248166
33.8664  -0.256395 -0.232057
33.9292  -0.26991 -0.215098
33.992  -0.28231 -0.197359
34.0549  -0.293552 -0.178915
34.1177  -0.303595 -0.15984
34.1805  -0.312405 -0.140211
34.2434  -0.319951 -0.120108
34.3062  -0.32621 -0.0996111
34.369  -0.331161 -0.0788037
34.4319  -0.334791 -0.0577681
34.4947  -0.33709 -0.0365881
34.5575  -0.338054 -0.0153475
34.6204  -0.337686 0.00586987
34.6832  -0.33599 0.0269808
34.746  -0.33298 0.0479025
34.8088  -0.328673 0.0685537
34.8717  -0.32309 0.088854
34.9345  -0.316259 0.108725
34.9973  -0.308211 0.128091
35.0602  -0.298982 0.146876
35.123  -0.288614 0.16501
35.1858  -0.277152 0.182424
35.2487  -0.264645 0.199053
35.3115  -0.251147 0.214833
35.3743  -0.236714 0.229706
35.4372  -0.221407 0.243617
35.5  -0.20529 0.256516
35.5628  -0.188429 0.268355
35.6257  -0.170893 0.279093
35.6885  -0.152754 0.288691
35.7513  -0.134085 0.297115
35.8142  -0.114963 0.304339
35.877  -0.0954642 0.310337
35.9398  -0.0756665 0.315091
36.0027  -0.055649 0.318588
36.0655  -0.0354914 0.320818
36.1283  -0.0152736 0.321777
36.1911  0.00492486 0.321468
36.254  0.0250245 0.319896
36.3168  0.0449467 0.317072
36.3796  0.0646138 0.313012
36.4425  0.0839495 0.307737
36.5053  0.102879 0.301273
36.5681  0.12133 0.29365
36.631  0.13923 0.284902
36.6938  0.156513 0.275067
36.7566  0.173113 0.26419
36.8195  0.188967 0.252317
36.8823  0.204015 0.239499
36.9451  0.218201 0.225789
37.008  0.231474 0.211245
37.0708  0.243785 0.195927
37.1336  0.255088 0.1799
37.1965  0.265344 0.163228
37.2593  0.274516 0.145979
37.3221  0.282573 0.128225
37.385  0.289487 0.110036
37.4478  0.295235 0.0914855
37.5106  0.299799 0.0726485
37.5734  0.303167 0.0536
37.6363  0.30533 0.0344155
37.6991  0.306283 0.0151712
37.7619  0.306028 -0.0040571
37.8248  0.304571 -0.0231938
37.8876  0.301921 -0.0421641
37.9504  0.298095 -0.060894
38.0133  0.293112 -0.0793108
38.0761  0.286996 -0.0973433
38.1389  0.279775 -0.114922
38.2018  0.271483 -0.13198
38.2646  0.262155 -0.148451
38.3274  0.251833 -0.164275
38.3903  0.240562 -0.17939
38.4531  0.228389 -0.19374
38.5159  0.215366 -0.207272
38.5788  0.201547 -0.219935
38.6416  0.18699 -0.231684
38.7044  0.171754 -0.242476
38.7673  0.155904 -0.252271
38.8301  0.139502 -0.261037
38.8929  0.122617 -0.268741
38.9557  0.105316 -0.275358
39.0186  0.0876683 -0.280866
39.0814  0.0697456 -0.285249
39.1442  0.0516191 -0.288492
39.2071  0.0333609 -0.290588
39.2699  0.0150433 -0.291533
39.3327  -0.00326135 -0.291328
39.3956  -0.0214812 -0.289979
39.4584  -0.039545 -0.287494
39.5212  -0.0573823 -0.283888
39.5841  -0.0749237 -0.279181
39.6469  -0.0921016 -0.273394
39.7097  -0.10885 -0.266555
39.7726  -0.125104 -0.258694
39.8354  -0.140802 -0.249847
39.8982  -0.155885 -0.240053
39.9611  -0.170296 -0.229353
40.0239  -0.18398 -0.217793
40.0867  -0.196887 -0.205422
40.1496  -0.208969 -0.192292
40.2124  -0.220182 -0.178458
40.2752  -0.230485 -0.163976
40.338  -0.239841 -0.148906
40.4009  -0.248217 -0.13331
40.4637  -0.255584 -0.117252
40.5265  -0.261918 -0.100795
40.5894  -0.267196 -0.0840063
40.6522  -0.271403 -0.0669536
40.715  -0.274526 -0.0497046
40.7779  -0.276557 -0.0323281
40.8407  -0.277493 -0.0148927
40.9035  -0.277334 0.00253271
40.9664  -0.276084 0.0198796
41.0292  -0.273755 0.0370801
41.092  -0.270358 0.0540672
41.1549  -0.265911 0.0707748
41.2177  -0.260436 0.0871385
41.2805  -0.253958 0.103095
41.3434  -0.246507 0.118584
41.4062  -0.238116 0.133545
41.469  -0.228822 0.147922
41.5319  -0.218664 0.161661
41.5947  -0.207687 0.174711
41.6575  -0.195936 0.187022
41.7204  -0.183461 0.198549
41.7832  -0.170313 0.20925
41.846  -0.156548 0.219086
41.9088  -0.142221 0.228022
41.9717  -0.127391 0.236026
42.0345  -0.112118 0.243071
42.0973  -0.0964647 0.249132
42.1602  -0.0804935 0.25419
42.223  -0.0642686 0.258228
42.2858  -0.0478548 0.261235
42.3487  -0.0313173 0.263202
42.4115  -0.0147217 0.264127
42.4743  0.00186655 0.26401
42.5372  0.0183822 0.262855
42.6  0.0347607 0.260671
42.6628  0.050938 0.25747
42.7257  0.0668514 0.25327
42.7885  0.0824394 0.24809
42.8513  0.0976419 0.241955
42.9142  0.112401 0.234893
42.977  0.126659 0.226935
43.0398  0.140364 0.218115
43.1027  0.153463 0.208473
43.1655  0.165906 0.198049
43.2283  0.177649 0.186887
43.2911  0.188647 0.175034
43.354  0.198859 0.162539
43.4168  0.20825 0.149454
43.4796  0.216784 0.135833
43.5425  0.224433 0.121732
43.6053  0.231169 0.107207
43.6681  0.236969 0.0923177
43.731  0.241815 0.077124
43.7938  0.245691 0.0616868
43.8566  0.248586 0.0460677
43.9195  0.250491 0.0303289
43.9823  0.251404 0.0145327
44.0451  0.251325 -0.00125857
44.108  0.250258 -0.0169828
44.1708  0.248211 -0.0325783
44.2336  0.245196 -0.0479845
44.2965  0.241229 -0.0631414
44.3593  0.236329 -0.0779903
44.4221  0.230519 -0.0924742
44.485  0.223825 -0.106538
44.5478  0.216277 -0.120127
44.6106  0.207908 -0.13319
44.6734  0.198755 -0.145678
44.7363  0.188856 -0.157544
44.7991  0.178254 -0.168744
44.8619  0.166992 -0.179237
44.9248  0.155118 -0.188983
44.9876  0.14268 -0.197948
45.0504  0.129731 -0.206099
45.1133  0.116322 -0.213408
45.1761  0.102508 -0.219849
45.2389  0.0883462 -0.2254
45.3018  0.0738922 -0.230042
45.3646  0.0592045 -0.233762
45.4274  0.0443417 -0.236548
45.4903  0.029363 -0.238393
45.5531  0.0143278 -0.239293
45.6159  -0.000704708 -0.239249
45.6788  -0.0156753 -0.238264
45.7416  -0.0305254 -0.236346
45.8044  -0.045197 -0.233507
45.8673  -0.0596332 -0.22976
45.9301  -0.0737782 -0.225124
45.9929  -0.0875774 -0.219621
46.0557  -0.100978 -0.213277
46.1186  -0.113929 -0.206118
46.1814  -0.126381 -0.198178
46.2442  -0.138287 -0.189489
46.3071  -0.149602 -0.180089
46.3699  -0.160284 -0.170018
46.4327  -0.170295 -0.159318
46.4956  -0.179596 -0.148034
46.5584  -0.188154 -0.136212
46.6212  -0.195939 -0.123901
46.6841  -0.202923 -0.11115
46.7469  -0.209081 -0.0980135
46.8097  -0.214393 -0.0845428
46.8726  -0.218841 -0.0707925
46.9354  -0.222411 -0.056818
46.9982  -0.225093 -0.042675
47.0611  -0.226878 -0.0284198
47.1239  -0.227765 -0.0141089
47.1867  -0.227752 0.000201171
47.2496  -0.226844 0.0144542
47.3124  -0.225048 0.0285944
47.3752  -0.222373 0.0425665
47.438  -0.218835 0.0563162
47.5009  -0.214449 0.0697905
47.5637  -0.209238 0.0829373
47.6265  -0.203225 0.0957063
47.6894  -0.196436 0.108049
47.7522  -0.188901 0.119918
47.815  -0.180654 0.131269
47.8779  -0.171728 0.142059
47.9407  -0.162162 0.152247
48.0035  -0.151996 0.161798
48.0664  -0.141272 0.170674
48.1292  -0.130035 0.178844
48.192  -0.118331 0.186279
48.2549  -0.106207 0.192952
48.3177  -0.0937134 0.198841
48.3805  -0.0809005 0.203924
48.4434  -0.0678199 0.208185
48.5062  -0.054524 0.211611
48.569  -0.041066 0.214191
48.6319  -0.0274994 0.215919
48.6947  -0.013878 0.216791
48.7575  -0.000255597 0.216807
48.8203  0.0133142 0.21597
48.8832  0.0267783 0.214288
48.946  0.0400842 0.211769
49.0088  0.0531801 0.208428
49.0717  0.0660154 0.20428
49.1345  0.0785406 0.199345
49.1973  0.0907078 0.193646
49.2602  0.10247 0.187207
49.323  0.113784 0.180058
49.3858  0.124605 0.172229
49.4487  0.134894 0.163753
49.5115  0.144612 0.154667
49.5743  0.153723 0.145008
49.6372  0.162194 0.134817
49.7  0.169994 0.124136
49.7628  0.177094 0.113009
49.8257  0.183471 0.101481
49.8885  0.1891 0.0895999
49.9513  0.193964 0.0774128
50.0142  0.198047 0.0649692
50.077  0.201334 0.052319
50.1398  0.203817 0.0395128
50.2027  0.205488 0.0266016
50.2655  0.206345 0.0136366
50.3283  0.206387 0.000668926
50.3911  0.205617 -0.0122504
50.454  0.204042 -0.0250707
50.5168  0.20167 -0.037742
50.5796  0.198515 -0.0502151
50.6425  0.194592 -0.0624417
50.7053  0.189919 -0.0743747
50.7681  0.184517 -0.0859682
50.831  0.178412 -0.0971782
50.8938  0.171628 -0.107962
50.9566  0.164196 -0.118279
51.0195  0.156148 -0.12809
51.0823  0.147518 -0.137359
51.1451  0.138341 -0.146051
51.208  0.128657 -0.154134
51.2708  0.118504 -0.16158
51.3336  0.107926 -0.168362
51.3965  0.0969645 -0.174454
51.4593  0.085665 -0.179836
51.5221  0.0740731 -0.184491
51.585  0.0622355 -0.188401
51.6478  0.0501998 -0.191555
51.7106  0.0380139 -0.193944
51.7734  0.0257265 -0.19556
51.8363  0.0133863 -0.196401
51.8991  0.00104194 -0.196467
51.9619  -0.011258 -0.195759
52.0248  -0.0234653 -0.194285
52.0876  -0.0355323 -0.192052
52.1504  -0.0474121 -0.189073
52.2133  -0.0590588 -0.185363
52.2761  -0.0704274 -0.180937
52.3389  -0.0814744 -0.175818
52.4018  -0.0921576 -0.170028
52.4646  -0.102436 -0.163592
52.5274  -0.112272 -0.156537
52.5903  -0.121627 -0.148895
52.6531  -0.130468 -0.140698
52.7159  -0.13876 -0.131979
52.7788  -0.146474 -0.122776
52.8416  -0.153582 -0.113126
52.9044  -0.160058 -0.103069
52.9673  -0.165879 -0.0926469
53.0301  -0.171025 -0.081901
53.0929  -0.175479 -0.0708754
53.1557  -0.179224 -0.0596144
53.2186  -0.18225 -0.0481632
53.2814  -0.184548 -0.0365677
53.3442  -0.186111 -0.024874
53.4071  -0.186936 -0.0131285
53.4699  -0.187022 -0.00137754
53.5327  -0.186373 0.0103326
53.5956  -0.184994 0.0219561
53.6584  -0.182892 0.0334476
53.7212  -0.18008 0.0447623
53.7841  -0.17657 0.0558565
53.8469  -0.17238 0.0666875
53.9097  -0.167528 0.0772136
53.9726  -0.162037 0.0873947
54.0354  -0.155931 0.0971921
54.0982  -0.149235 0.106569
54.1611  -0.141978 0.11549
54.2239  -0.134192 0.123921
54.2867  -0.125909 0.131832
54.3496  -0.117163 0.139194
54.4124  -0.107991 0.145979
54.4752  -0.0984301 0.152164
54.538  -0.0885199 0.157725
54.6009  -0.0783006 0.162645
54.6637  -0.0678136 0.166906
54.7265  -0.0571012 0.170494
54.7894  -0.0462063 0.173397
54.8522  -0.0351726 0.175607
54.915  -0.024044 0.177118
54.9779  -0.0128645 0.177926
55.0407  -0.00167848 0.178031
55.1035  0.00947018 0.177436
55.1664  0.0205378 0.176146
55.2292  0.0314811 0.174168
55.292  0.0422575 0.171513
55.3549  0.0528255 0.168194
55.4177  0.0631441 0.164226
55.4805  0.0731739 0.159629
55.5434  0.0828764 0.154421
55.6062  0.092215 0.148627
55.669  0.101154 0.142272
55.7319  0.10966 0.135381
55.7947  0.117702 0.127986
55.8575  0.125249 0.120116
55.9203  0.132274 0.111805
55.9832  0.138751 0.103087
56.046  0.144657 0.0939983
56.1088  0.149971 0.0845753
56.1717  0.154675 0.0748568
56.2345  0.158751 0.0648821
56.2973  0.162188 0.0546916
56.3602  0.164973 0.044326
56.423  0.167098 0.0338269
56.4858  0.168558 0.0232361
56.5487  0.16935 0.0125955
56.6115  0.169472 0.00194731
56.6743  0.168927 -0.00866672
56.7372  0.167721 -0.0192049
56.8  0.165859 -0.0296262
56.8628  0.163353 -0.03989
56.9257  0.160214 -0.0499565
56.9885  0.156458 -0.059787
57.0513  0.152101 -0.0693438
57.1142  0.147163 -0.0785903
57.177  0.141665 -0.0874914
57.2398  0.135633 -0.0960134
57.3027  0.12909 -0.104124
57.3655  0.122066 -0.111794
57.4283  0.11459 -0.118994
57.4911  0.106692 -0.125698
57.554  0.0984054 -0.131881
57.6168  0.0897647 -0.137521
57.6796  0.080805 -0.142598
57.7425  0.0715628 -0.147094
57.8053  0.0620756 -0.150995
57.8681  0.0523815 -0.154286
57.931  0.0425196 -0.156957
57.9938  0.0325293 -0.159001
58.0566  0.0224503 -0.160412
58.1195  0.0123227 -0.161186
58.1823  0.00218641 -0.161323
58.2451  -0.00791858 -0.160826
58.308  -0.0179527 -0.159698
58.3708  -0.0278768 -0.157946
58.4336  -0.0376522 -0.155581
58.4965  -0.0472411 -0.152612
58.5593  -0.0566065 -0.149056
58.6221  -0.0657126 -0.144927
58.685  -0.0745244 -0.140244
58.7478  -0.0830085 -0.135029
58.8106  -0.0911328 -0.129303
58.8734  -0.0988668 -0.123091
58.9363  -0.106182 -0.116419
58.9991  -0.11305 -0.109316
59.0619  -0.119447 -0.101811
59.1248  -0.125349 -0.093935
59.1876  -0.130735 -0.0857206
59.2504  -0.135586 -0.0772015
59.3133  -0.139884 -0.0684123
59.3761  -0.143616 -0.0593887
59.4389  -0.146768 -0.0501669
59.5018  -0.149331 -0.0407842
59.5646  -0.151296 -0.031278
59.6274  -0.152658 -0.0216862
59.6903  -0.153415 -0.0120469
59.7531  -0.153566 -0.00239803
59.8159  -0.153112 0.0072223
59.8788  -0.152058 0.0167764
59.9416  -0.15041 0.0262269
60.0044  -0.148177 0.0355372
60.0673  -0.145371 0.0446711
60.1301  -0.142003 0.0535934
60.1929  -0.138091 0.0622699
60.2557  -0.133651 0.0706674
60.3186  -0.128702 0.078754
60.3814  -0.123267 0.0864991
60.4442  -0.117369 0.0938737
60.5071  -0.111032 0.10085
60.5699  -0.104284 0.107402
60.6327  -0.0971524 0.113507
60.6956  -0.0896665 0.119141
60.7584  -0.0818576 0.124284
60.8212  -0.0737574 0.128918
60.8841  -0.065399 0.133027
60.9469  -0.0568164 0.136597
61.0097  -0.0480441 0.139616
61.0726  -0.0391173 0.142074
61.1354  -0.0300718 0.143963
61.1982  -0.0209437 0.145279
61.2611  -0.0117691 0.146019
61.3239  -0.00258424 0.146181
61.3867  0.00657462 0.145768
61.4496  0.0156716 0.144783
61.5124  0.0246712 0.143233
61.5752  0.0335384 0.141126
61.638  0.0422388 0.138472
61.7009  0.050739 0.135284
61.7637  0.0590062 0.131576
61.8265  0.0670088 0.127366
61.8894  0.0747165 0.122671
61.9522  0.0821 0.117513
62.015  0.0891317 0.111913
62.0779  0.0957852 0.105894
62.1407  0.102036 0.0994832
62.2035  0.107861 0.0927061
62.2664  0.113239 0.0855911
62.3292  0.11815 0.0781675
62.392  0.122578 0.0704657
62.4549  0.126506 0.0625171
62.5177  0.129921 0.054354
62.5805  0.132812 0.0460092
62.6434  0.135169 0.0375162
62.7062  0.136985 0.0289092
62.769  0.138256 0.0202223
62.8319  0.138978 0.0114901
