0  0 0
0.00625  0.467664 0.00625
0.0125  -1.06652 0.0125
0.01875  0.713639 0.01875
0.025  0.332276 0.025
0.03125  -0.871081 0.03125
0.0375  0.284517 0.0375
0.04375  0.679029 0.04375
0.05  -0.817467 0.05
0.05625  -0.0465447 0.05625
0.0625  0.849576 0.0625
0.06875  -0.601882 0.06875
0.075  -0.389848 0.075
0.08125  0.90074 0.08125
0.0875  -0.299796 0.0875
0.09375  -0.671158 0.09375
0.1  0.813412 0.1
0.10625  0.0486334 0.10625
0.1125  -0.850652 0.1125
0.11875  0.602437 0.11875
0.125  0.389563 0.125
0.13125  -0.900593 0.13125
0.1375  0.29972 0.1375
0.14375  0.671198 0.14375
0.15  -0.813432 0.15
0.15625  -0.0486231 0.15625
0.1625  0.850647 0.1625
0.16875  -0.602434 0.16875
0.175  -0.389564 0.175
0.18125  0.900593 0.18125
0.1875  -0.29972 0.1875
0.19375  -0.671197 0.19375
0.2  0.813432 0.2
0.20625  0.0486231 0.20625
0.2125  -0.850647 0.2125
0.21875  0.602434 0.21875
0.225  0.389564 0.225
0.23125  -0.900593 0.23125
0.2375  0.29972 0.2375
0.24375  0.671197 0.24375
0.25  -0.813432 0.25
0.25625  -0.0486231 0.25625
0.2625  0.850647 0.2625
0.26875  -0.602434 0.26875
0.275  -0.389564 0.275
0.28125  0.900593 0.28125
0.2875  -0.29972 0.2875
0.29375  -0.671197 0.29375
0.3  0.813432 0.3
0.30625  0.0486231 0.30625
0.3125  -0.850647 0.3125
0.31875  0.602434 0.31875
0.325  0.389564 0.325
0.33125  -0.900593 0.33125
0.3375  0.29972 0.3375
0.34375  0.671197 0.34375
0.35  -0.813432 0.35
0.35625  -0.0486231 0.35625
0.3625  0.850647 0.3625
0.36875  -0.602434 0.36875
0.375  -0.389564 0.375
0.38125  0.900593 0.38125
0.3875  -0.29972 0.3875
0.39375  -0.671197 0.39375
0.4  0.813432 0.4
0.40625  0.0486231 0.40625
0.4125  -0.850647 0.4125
0.41875  0.602434 0.41875
0.425  0.389564 0.425
0.43125  -0.900593 0.43125
0.4375  0.29972 0.4375
0.44375  0.671197 0.44375
0.45  -0.813432 0.45
0.45625  -0.0486231 0.45625
0.4625  0.850647 0.4625
0.46875  -0.602434 0.46875
0.475  -0.389564 0.475
0.48125  0.900593 0.48125
0.4875  -0.29972 0.4875
0.49375  -0.671197 0.49375
0.5  0.813432 0.5
