0  1 0
0.0628319  0.998028 -0.0627699
0.125664  0.99212 -0.125292
0.188496  0.982299 -0.18732
0.251327  0.968604 -0.24861
0.314159  0.951088 -0.308919
0.376991  0.929822 -0.368009
0.439823  0.904889 -0.425648
0.502655  0.876386 -0.481609
0.565487  0.844428 -0.53567
0.628319  0.809138 -0.587618
0.69115  0.770658 -0.637249
0.753982  0.729138 -0.684366
0.816814  0.684743 -0.728785
0.879646  0.637647 -0.770329
0.942478  0.588036 -0.808835
1.00531  0.536106 -0.844151
1.06814  0.482061 -0.876137
1.13097  0.426116 -0.904669
1.19381  0.368489 -0.929632
1.25664  0.30941 -0.950929
1.31947  0.24911 -0.968475
1.3823  0.187828 -0.982202
1.44513  0.125805 -0.992055
1.50796  0.0632853 -0.997995
1.5708  0.000516465 -1
1.63363  -0.0622544 -0.99806
1.69646  -0.12478 -0.992184
1.75929  -0.186813 -0.982395
1.82212  -0.24811 -0.968732
1.88496  -0.308428 -0.951248
1.94779  -0.367529 -0.930012
2.01062  -0.425181 -0.905108
2.07345  -0.481156 -0.876635
2.13628  -0.535234 -0.844704
2.19911  -0.5872 -0.809442
2.26195  -0.636851 -0.770987
2.32478  -0.68399 -0.729492
2.38761  -0.728431 -0.685119
2.45044  -0.769999 -0.638045
2.51327  -0.808531 -0.588454
2.57611  -0.843874 -0.536542
2.63894  -0.875888 -0.482514
2.70177  -0.904448 -0.426583
2.7646  -0.929441 -0.36897
2.82743  -0.950769 -0.309901
2.89027  -0.968346 -0.24961
2.9531  -0.982105 -0.188335
3.01593  -0.99199 -0.126317
3.07876  -0.997963 -0.0638008
3.14159  -0.999999 -0.00103293
3.20442  -0.998092 0.061739
3.26726  -0.992249 0.124267
3.33009  -0.982492 0.186306
3.39292  -0.96886 0.247609
3.45575  -0.951407 0.307936
3.51858  -0.930202 0.367049
3.58142  -0.905328 0.424714
3.64425  -0.876883 0.480703
3.70708  -0.84498 0.534797
3.76991  -0.809745 0.586782
3.83274  -0.771316 0.636453
3.89557  -0.729845 0.683613
3.95841  -0.685495 0.728077
4.02124  -0.638442 0.76967
4.08407  -0.588871 0.808227
4.1469  -0.536978 0.843597
4.20973  -0.482966 0.875639
4.27257  -0.42705 0.904228
4.3354  -0.36945 0.929251
4.39823  -0.310392 0.950609
4.46106  -0.25011 0.968217
4.52389  -0.188842 0.982007
4.58673  -0.126829 0.991925
4.64956  -0.0643162 0.99793
4.71239  -0.0015494 0.999999
4.77522  0.0612235 0.998124
4.83805  0.123755 0.992313
4.90088  0.185798 0.982588
4.96372  0.247109 0.968988
5.02655  0.307445 0.951566
5.08938  0.366568 0.930391
5.15221  0.424246 0.905547
5.21504  0.48025 0.877131
5.27788  0.534361 0.845256
5.34071  0.586364 0.810048
5.40354  0.636054 0.771644
5.46637  0.683236 0.730198
5.5292  0.727723 0.685871
5.59203  0.76934 0.63884
5.65487  0.807923 0.589288
5.7177  0.843319 0.537413
5.78053  0.875389 0.483418
5.84336  0.904007 0.427517
5.90619  0.92906 0.369929
5.96903  0.950448 0.310883
6.03186  0.968088 0.25061
6.09469  0.98191 0.189349
6.15752  0.991859 0.127342
6.22035  0.997896 0.0648316
6.28319  0.999998 0.00206586
6.34602  0.998156 -0.060708
6.40885  0.992377 -0.123242
6.47168  0.982684 -0.185291
6.53451  0.969115 -0.246608
6.59734  0.951725 -0.306953
6.66018  0.93058 -0.366088
6.72301  0.905766 -0.423778
6.78584  0.877379 -0.479797
6.84867  0.845532 -0.533924
6.9115  0.810351 -0.585945
6.97434  0.771973 -0.635655
7.03717  0.730551 -0.682859
7.1  0.686247 -0.727369
7.16283  0.639237 -0.76901
7.22566  0.589706 -0.807618
7.28849  0.537849 -0.843041
7.35133  0.48387 -0.87514
7.41416  0.427984 -0.903786
7.47699  0.370409 -0.928869
7.53982  0.311374 -0.950288
7.60265  0.25111 -0.967958
7.66549  0.189856 -0.981812
7.72832  0.127854 -0.991793
7.79115  0.0653469 -0.997863
7.85398  0.00258232 -0.999997
7.91681  -0.0601925 -0.998187
7.97965  -0.12273 -0.99244
8.04248  -0.184783 -0.982779
8.10531  -0.246108 -0.969242
8.16814  -0.306462 -0.951883
8.23097  -0.365607 -0.930769
8.2938  -0.42331 -0.905985
8.35664  -0.479344 -0.877627
8.41947  -0.533487 -0.845808
8.4823  -0.585527 -0.810653
8.54513  -0.635257 -0.772301
8.60796  -0.682481 -0.730903
8.6708  -0.727014 -0.686623
8.73363  -0.76868 -0.639634
8.79646  -0.807314 -0.590123
8.85929  -0.842764 -0.538284
8.92212  -0.87489 -0.484322
8.98495  -0.903565 -0.42845
9.04779  -0.928677 -0.370889
9.11062  -0.950127 -0.311864
9.17345  -0.967829 -0.25161
9.23628  -0.981714 -0.190363
9.29911  -0.991727 -0.128366
9.36195  -0.997829 -0.0658623
9.42478  -0.999995 -0.00309879
9.48761  -0.998218 0.0596769
9.55044  -0.992503 0.122217
9.61327  -0.982875 0.184276
9.67611  -0.969369 0.245607
9.73894  -0.952041 0.30597
9.80177  -0.930958 0.365126
9.8646  -0.906203 0.422842
9.92743  -0.877874 0.478891
9.99026  -0.846083 0.533051
10.0531  -0.810955 0.585108
10.1159  -0.772629 0.634858
10.1788  -0.731256 0.682104
10.2416  -0.686998 0.726659
10.3044  -0.640031 0.768349
10.3673  -0.59054 0.807009
10.4301  -0.538719 0.842485
10.4929  -0.484774 0.874639
10.5558  -0.428917 0.903344
10.6186  -0.371368 0.928486
10.6814  -0.312355 0.949965
10.7442  -0.25211 0.967699
10.8071  -0.19087 0.981615
10.8699  -0.128878 0.99166
10.9327  -0.0663776 0.997795
10.9956  -0.00361525 0.999993
11.0584  0.0591614 0.998248
11.1212  0.121705 0.992566
11.1841  0.183768 0.98297
11.2469  0.245106 0.969496
11.3097  0.305478 0.952199
11.3726  0.364645 0.931146
11.4354  0.422374 0.906422
11.4982  0.478437 0.878122
11.5611  0.532613 0.846359
11.6239  0.584689 0.811258
11.6867  0.634459 0.772957
11.7496  0.681726 0.731608
11.8124  0.726304 0.687373
11.8752  0.768019 0.640428
11.9381  0.806704 0.590956
12.0009  0.842207 0.539154
12.0637  0.874389 0.485226
12.1265  0.903122 0.429384
12.1894  0.928294 0.371848
12.2522  0.949804 0.312846
12.315  0.967568 0.25261
12.3779  0.981517 0.191377
12.4407  0.991594 0.12939
12.5035  0.99776 0.0668929
12.5664  0.999991 0.00413171
12.6292  0.998279 -0.0586458
12.692  0.992629 -0.121192
12.7549  0.983064 -0.18326
12.8177  0.969623 -0.244606
12.8805  0.952357 -0.304986
12.9434  0.931335 -0.364164
13.0062  0.90664 -0.421906
13.069  0.878369 -0.477984
13.1319  0.846634 -0.532176
13.1947  0.811559 -0.58427
13.2575  0.773284 -0.634059
13.3204  0.73196 -0.681348
13.3832  0.687748 -0.725949
13.446  0.640824 -0.767688
13.5088  0.591373 -0.806398
13.5717  0.539589 -0.841929
13.6345  0.485677 -0.874138
13.6973  0.42985 -0.9029
13.7602  0.372327 -0.928101
13.823  0.313336 -0.949642
13.8858  0.253109 -0.967438
13.9487  0.191884 -0.981418
14.0115  0.129902 -0.991527
14.0743  0.0674082 -0.997725
14.1372  0.00464817 -0.999989
14.2  -0.0581302 -0.998309
14.2628  -0.120679 -0.992692
14.3257  -0.182753 -0.983159
14.3885  -0.244105 -0.969749
14.4513  -0.304495 -0.952514
14.5142  -0.363683 -0.931523
14.577  -0.421438 -0.906857
14.6398  -0.47753 -0.878615
14.7027  -0.531739 -0.846908
14.7655  -0.583851 -0.811861
14.8283  -0.63366 -0.773612
14.8911  -0.68097 -0.732311
14.954  -0.725594 -0.688123
15.0168  -0.767357 -0.641221
15.0796  -0.806093 -0.591789
15.1425  -0.84165 -0.540024
15.2053  -0.873887 -0.486129
15.2681  -0.902678 -0.430316
15.331  -0.927909 -0.372807
15.3938  -0.94948 -0.313827
15.4566  -0.967307 -0.253609
15.5195  -0.981318 -0.192391
15.5823  -0.99146 -0.130415
15.6451  -0.997691 -0.0679235
15.708  -0.999987 -0.00516463
15.7708  -0.998339 0.0576146
15.8336  -0.992754 0.120167
15.8965  -0.983253 0.182245
15.9593  -0.969875 0.243604
16.0221  -0.952671 0.304003
16.085  -0.93171 0.363202
16.1478  -0.907075 0.420969
16.2106  -0.878862 0.477076
16.2734  -0.847183 0.531302
16.3363  -0.812162 0.583431
16.3991  -0.773939 0.63326
16.4619  -0.732663 0.680592
16.5248  -0.688498 0.725239
16.5876  -0.641617 0.767025
16.6504  -0.592205 0.805787
16.7133  -0.540458 0.841371
16.7761  -0.48658 0.873636
16.8389  -0.430782 0.902456
16.9018  -0.373286 0.927716
16.9646  -0.314317 0.949318
17.0274  -0.254109 0.967176
17.0903  -0.192898 0.981219
17.1531  -0.130927 0.991392
17.2159  -0.0684388 0.997655
17.2788  -0.00568109 0.999984
17.3416  0.057099 0.998369
17.4044  0.119654 0.992816
17.4673  0.181737 0.983347
17.5301  0.243103 0.97
17.5929  0.303511 0.952828
17.6558  0.362721 0.931898
17.7186  0.420501 0.907292
17.7814  0.476622 0.879108
17.8442  0.530864 0.847457
17.9071  0.583012 0.812464
17.9699  0.63286 0.774266
18.0327  0.680213 0.733014
18.0956  0.724883 0.688872
18.1584  0.766694 0.642013
18.2212  0.805481 0.592621
18.2841  0.841091 0.540893
18.3469  0.873385 0.487031
18.4097  0.902233 0.431248
18.4726  0.927523 0.373765
18.5354  0.949156 0.314807
18.5982  0.967044 0.254608
18.6611  0.981119 0.193405
18.7239  0.991324 0.131439
18.7867  0.99762 0.068954
18.8496  0.999981 0.00619755
18.9124  0.998398 -0.0565834
18.9752  0.992877 -0.119141
19.0381  0.983441 -0.181229
19.1009  0.970126 -0.242602
19.1637  0.952985 -0.303018
19.2265  0.932085 -0.36224
19.2894  0.907509 -0.420032
19.3522  0.879354 -0.476168
19.415  0.847731 -0.530426
19.4779  0.812765 -0.582592
19.5407  0.774593 -0.63246
19.6035  0.733366 -0.679834
19.6664  0.689246 -0.724527
19.7292  0.642409 -0.766362
19.792  0.593037 -0.805175
19.8549  0.541327 -0.840812
19.9177  0.487482 -0.873133
19.9805  0.431714 -0.90201
20.0434  0.374244 -0.92733
20.1062  0.315297 -0.948993
20.169  0.255107 -0.966913
20.2319  0.193911 -0.981019
20.2947  0.131951 -0.991256
20.3575  0.0694692 -0.997584
20.4204  0.006714 -0.999977
20.4832  -0.0560677 -0.998427
20.546  -0.118628 -0.992939
20.6088  -0.180721 -0.983534
20.6717  -0.242101 -0.970251
20.7345  -0.302526 -0.953141
20.7973  -0.361758 -0.932272
20.8602  -0.419563 -0.907726
20.923  -0.475714 -0.8796
20.9858  -0.529988 -0.848005
21.0487  -0.582172 -0.813065
21.1115  -0.63206 -0.774919
21.1743  -0.679456 -0.733717
21.2372  -0.724171 -0.68962
21.3  -0.76603 -0.642804
21.3628  -0.804869 -0.593453
21.4257  -0.840532 -0.541761
21.4885  -0.872881 -0.487933
21.5513  -0.901787 -0.43218
21.6142  -0.927137 -0.374723
21.677  -0.94883 -0.315787
21.7398  -0.966781 -0.255607
21.8027  -0.980919 -0.194418
21.8655  -0.991188 -0.132462
21.9283  -0.997548 -0.0699845
21.9911  -0.999974 -0.00723045
22.054  -0.998456 0.0555521
22.1168  -0.993 0.118115
22.1796  -0.983628 0.180213
22.2425  -0.970376 0.2416
22.3053  -0.953297 0.302034
22.3681  -0.932459 0.361277
22.431  -0.907943 0.419095
22.4938  -0.879846 0.47526
22.5566  -0.848279 0.52955
22.6195  -0.813366 0.581752
22.6823  -0.775246 0.63166
22.7451  -0.734068 0.679076
22.808  -0.689994 0.723815
22.8708  -0.6432 0.765698
22.9336  -0.593869 0.804562
22.9965  -0.542195 0.840252
23.0593  -0.488384 0.872629
23.1221  -0.432646 0.901564
23.185  -0.375202 0.926943
23.2478  -0.316277 0.948667
23.3106  -0.256106 0.966649
23.3734  -0.194925 0.980818
23.4363  -0.132974 0.991119
23.4991  -0.0704996 0.997512
23.5619  -0.0077469 0.99997
23.6248  0.0550364 0.998484
23.6876  0.117603 0.993061
23.7504  0.179705 0.983721
23.8133  0.241099 0.970501
23.8761  0.301541 0.953453
23.9389  0.360795 0.932645
24.0018  0.418626 0.908159
24.0646  0.474805 0.880091
24.1274  0.529112 0.848552
24.1903  0.581332 0.813666
24.2531  0.63126 0.775572
24.3159  0.678697 0.734418
24.3788  0.723458 0.690368
24.4416  0.765366 0.643595
24.5044  0.804255 0.594284
24.5673  0.839972 0.542629
24.6301  0.872377 0.488834
24.6929  0.90134 0.433111
24.7558  0.926749 0.37568
24.8186  0.948503 0.316767
24.8814  0.966516 0.256605
24.9442  0.980717 0.195431
25.0071  0.991051 0.133486
25.0699  0.997475 0.0710148
25.1327  0.999966 0.00826335
25.1956  0.998513 -0.0545207
25.2584  0.993121 -0.11709
25.3212  0.983813 -0.179197
25.3841  0.970625 -0.240597
25.4469  0.953609 -0.301049
25.5097  0.932831 -0.360313
25.5726  0.908375 -0.418156
25.6354  0.880336 -0.474351
25.6982  0.848825 -0.528674
25.7611  0.813966 -0.580912
25.8239  0.775898 -0.630859
25.8867  0.734769 -0.678318
25.9496  0.690742 -0.723102
26.0124  0.643991 -0.765033
26.0752  0.5947 -0.803948
26.1381  0.543063 -0.839692
26.2009  0.489285 -0.872124
26.2637  0.433577 -0.901117
26.3265  0.376159 -0.926555
26.3894  0.317257 -0.94834
26.4522  0.257104 -0.966384
26.515  0.195938 -0.980616
26.5779  0.133998 -0.990982
26.6407  0.07153 -0.997438
26.7035  0.0087798 -0.999961
26.7664  -0.054005 -0.998541
26.8292  -0.116577 -0.993182
26.892  -0.178689 -0.983906
26.9549  -0.240096 -0.970749
27.0177  -0.300556 -0.953764
27.0805  -0.359831 -0.933017
27.1434  -0.417687 -0.908591
27.2062  -0.473896 -0.880581
27.269  -0.528235 -0.849098
27.3319  -0.580491 -0.814266
27.3947  -0.630458 -0.776223
27.4575  -0.677938 -0.735119
27.5204  -0.722745 -0.691115
27.5832  -0.764701 -0.644386
27.646  -0.803641 -0.595115
27.7088  -0.839411 -0.543497
27.7717  -0.871871 -0.489735
27.8345  -0.900893 -0.434042
27.8973  -0.926361 -0.376637
27.9602  -0.948176 -0.317747
28.023  -0.966251 -0.257603
28.0858  -0.980515 -0.196444
28.1487  -0.990912 -0.13451
28.2115  -0.997401 -0.0720451
28.2743  -0.999957 -0.00929624
28.3372  -0.998568 0.0534893
28.4  -0.993242 0.116064
28.4628  -0.983998 0.178181
28.5257  -0.970873 0.239595
28.5885  -0.953919 0.300064
28.6513  -0.933203 0.35935
28.7142  -0.908806 0.417218
28.777  -0.880826 0.473441
28.8398  -0.849371 0.527797
28.9027  -0.814566 0.580071
28.9655  -0.776549 0.630057
29.0283  -0.735469 0.677559
29.0911  -0.691488 0.722388
29.154  -0.64478 0.764368
29.2168  -0.59553 0.803333
29.2796  -0.54393 0.839131
29.3425  -0.490185 0.871618
29.4053  -0.434507 0.900668
29.4681  -0.377116 0.926166
29.531  -0.318237 0.948011
29.5938  -0.258102 0.966118
29.6566  -0.19695 0.980413
29.7195  -0.135022 0.990843
29.7823  -0.0725602 0.997364
29.8451  -0.00981269 0.999952
29.908  0.0529735 0.998596
29.9708  0.115551 0.993302
30.0336  0.177672 0.98409
30.0965  0.239093 0.970997
30.1593  0.299571 0.954074
30.2221  0.358868 0.933389
30.285  0.416749 0.909022
30.3478  0.472986 0.88107
30.4106  0.527358 0.849643
30.4734  0.57965 0.814866
30.5363  0.629656 0.776874
30.5991  0.677179 0.735819
30.6619  0.722031 0.691861
30.7248  0.764035 0.645175
30.7876  0.803026 0.595944
30.8504  0.838849 0.544363
30.9133  0.871365 0.490635
30.9761  0.900444 0.434972
31.0389  0.925971 0.377594
31.1018  0.947847 0.318726
31.1646  0.965984 0.258601
31.2274  0.980312 0.197457
31.2903  0.990773 0.135533
31.3531  0.997326 0.0730753
31.4159  0.999947 0.0103291
31.4788  0.998623 -0.0524578
31.5416  0.993361 -0.115038
31.6044  0.984181 -0.177164
31.6673  0.97112 -0.238592
31.7301  0.954229 -0.299078
31.7929  0.933574 -0.358385
31.8557  0.909237 -0.416279
31.9186  0.881314 -0.472531
31.9814  0.849915 -0.526919
32.0442  0.815165 -0.579229
32.1071  0.777199 -0.629255
32.1699  0.736168 -0.676799
32.2327  0.692234 -0.721673
32.2956  0.64557 -0.763701
32.3584  0.596359 -0.802718
32.4212  0.544797 -0.838568
32.4841  0.491085 -0.871111
32.5469  0.435437 -0.900219
32.6097  0.378072 -0.925776
32.6726  0.319216 -0.947682
32.7354  0.2591 -0.96585
32.7982  0.197963 -0.980209
32.8611  0.136045 -0.990703
32.9239  0.0735904 -0.997289
32.9867  0.0108456 -0.999941
33.0496  -0.051942 -0.99865
33.1124  -0.114525 -0.99342
33.1752  -0.176656 -0.984273
33.2381  -0.23809 -0.971243
33.3009  -0.298585 -0.954383
33.3637  -0.357903 -0.933759
33.4265  -0.415809 -0.909452
33.4894  -0.472076 -0.881558
33.5522  -0.52648 -0.850188
33.615  -0.578808 -0.815464
33.6779  -0.628853 -0.777524
33.7407  -0.676418 -0.736518
33.8035  -0.721315 -0.692607
33.8664  -0.763368 -0.645964
33.9292  -0.80241 -0.596774
33.992  -0.838287 -0.54523
34.0549  -0.870858 -0.491535
34.1177  -0.899994 -0.435902
34.1805  -0.925581 -0.37855
34.2434  -0.947517 -0.319705
34.3062  -0.965716 -0.259599
34.369  -0.980107 -0.198469
34.4319  -0.990632 -0.136557
34.4947  -0.99725 -0.0741054
34.5575  -0.999935 -0.011362
34.6204  -0.998677 0.0514263
34.6832  -0.993479 0.114012
34.746  -0.984364 0.176147
34.8088  -0.971366 0.237589
34.8717  -0.954537 0.298093
34.9345  -0.933943 0.357421
34.9973  -0.909666 0.41534
35.0602  -0.881802 0.47162
35.123  -0.850459 0.526041
35.1858  -0.815763 0.578387
35.2487  -0.777849 0.628452
35.3115  -0.736867 0.676038
35.3743  -0.692979 0.720958
35.4372  -0.646358 0.763034
35.5  -0.597188 0.802101
35.5628  -0.545662 0.838005
35.6257  -0.491985 0.870604
35.6885  -0.436367 0.899769
35.7513  -0.379028 0.925385
35.8142  -0.320194 0.947352
35.877  -0.260098 0.965582
35.9398  -0.198975 0.980004
36.0027  -0.137068 0.990562
36.0655  -0.0746205 0.997212
36.1283  -0.0118784 0.999929
36.1911  0.0509105 0.998703
36.254  0.113499 0.993538
36.3168  0.175639 0.984455
36.3796  0.237087 0.971488
36.4425  0.2976 0.954691
36.5053  0.356939 0.934128
36.5681  0.41487 0.909881
36.631  0.471165 0.882045
36.6938  0.525602 0.850731
36.7566  0.577965 0.816061
36.8195  0.62805 0.778173
36.8823  0.675657 0.737216
36.9451  0.7206 0.693351
37.008  0.7627 0.646752
37.0708  0.801793 0.597602
37.1336  0.837723 0.546095
37.1965  0.870349 0.492435
37.2593  0.899543 0.436832
37.3221  0.925189 0.379506
37.385  0.947186 0.320684
37.4478  0.965448 0.260596
37.5106  0.979902 0.199481
37.5734  0.990491 0.13758
37.6363  0.997173 0.0751355
37.6991  0.999923 0.0123949
37.7619  0.998729 -0.0503947
37.8248  0.993597 -0.112985
37.8876  0.984545 -0.175131
37.9504  0.971611 -0.236585
38.0133  0.954844 -0.297106
38.0761  0.934312 -0.356456
38.1389  0.910095 -0.4144
38.2018  0.882288 -0.470709
38.2646  0.851002 -0.525162
38.3274  0.81636 -0.577544
38.3903  0.778497 -0.627648
38.4531  0.737565 -0.675276
38.5159  0.693723 -0.720241
38.5788  0.647146 -0.762366
38.6416  0.598016 -0.801484
38.7044  0.546528 -0.837441
38.7673  0.492884 -0.870095
38.8301  0.437296 -0.899318
38.8929  0.379984 -0.924993
38.9557  0.321173 -0.947021
39.0186  0.261095 -0.965313
39.0814  0.199988 -0.979798
39.1442  0.138091 -0.990419
39.2071  0.0756505 -0.997134
39.2699  0.0129113 -0.999917
39.3327  -0.0498789 -0.998755
39.3956  -0.112472 -0.993655
39.4584  -0.174622 -0.984636
39.5212  -0.236083 -0.971733
39.5841  -0.296613 -0.954998
39.6469  -0.355973 -0.934496
39.7097  -0.41393 -0.910309
39.7726  -0.470253 -0.882531
39.8354  -0.524723 -0.851273
39.8982  -0.577122 -0.816658
39.9611  -0.627246 -0.778822
40.0239  -0.674895 -0.737914
40.0867  -0.719883 -0.694095
40.1496  -0.762032 -0.64754
40.2124  -0.801175 -0.59843
40.2752  -0.837159 -0.54696
40.338  -0.86984 -0.493333
40.4009  -0.899092 -0.437761
40.4637  -0.924797 -0.380461
40.5265  -0.946855 -0.321662
40.5894  -0.965178 -0.261594
40.6522  -0.979695 -0.200494
40.715  -0.990348 -0.138603
40.7779  -0.997095 -0.0761655
40.8407  -0.99991 -0.0134277
40.9035  -0.998781 0.049363
40.9664  -0.993713 0.111959
41.0292  -0.984726 0.174114
41.092  -0.971855 0.235581
41.1549  -0.955151 0.29612
41.2177  -0.93468 0.355491
41.2805  -0.910523 0.413459
41.3434  -0.882774 0.469798
41.4062  -0.851544 0.524283
41.469  -0.816956 0.5767
41.5319  -0.779145 0.626843
41.5947  -0.738262 0.674514
41.6575  -0.694467 0.719525
41.7204  -0.647933 0.761697
41.7832  -0.598844 0.800866
41.846  -0.547393 0.836876
41.9088  -0.493782 0.869585
41.9717  -0.438225 0.898865
42.0345  -0.380939 0.9246
42.0973  -0.322151 0.946688
42.1602  -0.262092 0.965043
42.223  -0.201 0.979591
42.2858  -0.139114 0.990276
42.3487  -0.0766804 0.997056
42.4115  -0.0139441 0.999903
42.4743  0.0488472 0.998806
42.5372  0.111446 0.993771
42.6  0.173605 0.984815
42.6628  0.235079 0.971976
42.7257  0.295627 0.955304
42.7885  0.355008 0.934863
42.8513  0.412989 0.910736
42.9142  0.469342 0.883017
42.977  0.523843 0.851815
43.0398  0.576278 0.817254
43.1027  0.626441 0.779469
43.1655  0.674133 0.73861
43.2283  0.719166 0.694839
43.2911  0.761363 0.648326
43.354  0.800557 0.599257
43.4168  0.836593 0.547825
43.4796  0.86933 0.494231
43.5425  0.898639 0.438689
43.6053  0.924403 0.381417
43.6681  0.946522 0.32264
43.731  0.964907 0.26259
43.7938  0.979487 0.201505
43.8566  0.990204 0.139626
43.9195  0.997016 0.0771954
43.9823  0.999895 0.0144605
44.0451  0.998831 -0.0483313
44.108  0.993828 -0.110933
44.1708  0.984905 -0.173096
44.2336  0.972097 -0.234577
44.2965  0.955456 -0.295133
44.3593  0.935046 -0.354525
44.4221  0.910949 -0.412519
44.485  0.883259 -0.468885
44.5478  0.852085 -0.523403
44.6106  0.817551 -0.575856
44.6734  0.779792 -0.626038
44.7363  0.738958 -0.673751
44.7991  0.69521 -0.718807
44.8619  0.64872 -0.761028
44.9248  0.599671 -0.800247
44.9876  0.548257 -0.83631
45.0504  0.49468 -0.869075
45.1133  0.439153 -0.898412
45.1761  0.381894 -0.924206
45.2389  0.323128 -0.946355
45.3018  0.263089 -0.964772
45.3646  0.202011 -0.979383
45.4274  0.140137 -0.990132
45.4903  0.0777103 -0.996976
45.5531  0.0149769 -0.999888
45.6159  -0.0478155 -0.998856
45.6788  -0.110419 -0.993885
45.7416  -0.172588 -0.984994
45.8044  -0.234075 -0.972218
45.8673  -0.29464 -0.955608
45.9301  -0.354042 -0.935229
45.9929  -0.412048 -0.911162
46.0557  -0.468429 -0.883501
46.1186  -0.522963 -0.852356
46.1814  -0.575434 -0.817848
46.2442  -0.625635 -0.780116
46.3071  -0.673369 -0.739306
46.3699  -0.718448 -0.695581
46.4327  -0.760692 -0.649112
46.4956  -0.799937 -0.600084
46.5584  -0.836027 -0.548689
46.6212  -0.868819 -0.495129
46.6841  -0.898185 -0.439617
46.7469  -0.924009 -0.382371
46.8097  -0.946188 -0.323617
46.8726  -0.964636 -0.263587
46.9354  -0.979279 -0.202517
46.9982  -0.99006 -0.140648
47.0611  -0.996936 -0.0782252
47.1239  -0.99988 -0.0154933
47.1867  -0.998881 0.0472996
47.2496  -0.993942 0.109906
47.3124  -0.985083 0.172079
47.3752  -0.972339 0.233573
47.438  -0.95576 0.294146
47.5009  -0.935412 0.353559
47.5637  -0.911375 0.411578
47.6265  -0.883743 0.467973
47.6894  -0.852625 0.522522
47.7522  -0.818145 0.575011
47.815  -0.780439 0.625232
47.8779  -0.739654 0.672987
47.9407  -0.695952 0.718088
48.0035  -0.649505 0.760357
48.0664  -0.600497 0.799627
48.1292  -0.54912 0.835743
48.192  -0.495578 0.868564
48.2549  -0.440081 0.897958
48.3177  -0.382848 0.923811
48.3805  -0.324106 0.946021
48.4434  -0.264085 0.964499
48.5062  -0.203023 0.979174
48.569  -0.14116 0.989987
48.6319  -0.07874 0.996895
48.6947  -0.0160097 0.999872
48.7575  0.0467837 0.998905
48.8203  0.109393 0.993999
48.8832  0.17157 0.985172
48.946  0.233071 0.97246
49.0088  0.293652 0.955912
49.0717  0.353076 0.935595
49.1345  0.411107 0.911587
49.1973  0.467516 0.883984
49.2602  0.522082 0.852895
49.323  0.574589 0.818442
49.3858  0.624829 0.780761
49.4487  0.672605 0.740001
49.5115  0.717729 0.696323
49.5743  0.760022 0.649898
49.6372  0.799317 0.60091
49.7  0.83546 0.549552
49.7628  0.868307 0.496026
49.8257  0.897731 0.440545
49.8885  0.923613 0.383325
49.9513  0.945853 0.324594
50.0142  0.964363 0.264583
50.077  0.979069 0.203528
50.1398  0.989914 0.141671
50.2027  0.996854 0.0792549
50.2655  0.999863 0.0165261
50.3283  0.998929 -0.0462678
50.3911  0.994055 -0.108879
50.454  0.98526 -0.171061
50.5168  0.97258 -0.232569
50.5796  0.956064 -0.293159
50.6425  0.935777 -0.352593
50.7053  0.911799 -0.410636
50.7681  0.884226 -0.46706
50.831  0.853165 -0.521642
50.8938  0.818739 -0.574166
50.9566  0.781084 -0.624426
51.0195  0.740349 -0.672223
51.0823  0.696693 -0.717369
51.1451  0.65029 -0.759686
51.208  0.601323 -0.799006
51.2708  0.549983 -0.835176
51.3336  0.496475 -0.868051
51.3965  0.441008 -0.897503
51.4593  0.383802 -0.923415
51.5221  0.325083 -0.945686
51.585  0.265081 -0.964226
51.6478  0.204034 -0.978964
51.7106  0.142182 -0.98984
51.7734  0.0797697 -0.996813
51.8363  0.0170425 -0.999855
51.8991  -0.0457519 -0.998953
51.9619  -0.108366 -0.994111
52.0248  -0.170552 -0.985349
52.0876  -0.232066 -0.9727
52.1504  -0.292665 -0.956215
52.2133  -0.352109 -0.935959
52.2761  -0.410165 -0.912011
52.3389  -0.466603 -0.884467
52.4018  -0.521201 -0.853434
52.4646  -0.573743 -0.819035
52.5274  -0.624022 -0.781406
52.5903  -0.671841 -0.740696
52.6531  -0.717009 -0.697064
52.7159  -0.75935 -0.650683
52.7788  -0.798696 -0.601735
52.8416  -0.834892 -0.550414
52.9044  -0.867795 -0.496923
52.9673  -0.897275 -0.441472
53.0301  -0.923217 -0.384279
53.0929  -0.945518 -0.325571
53.1557  -0.964089 -0.265579
53.2186  -0.978858 -0.20454
53.2814  -0.989767 -0.142693
53.3442  -0.996772 -0.0802845
53.4071  -0.999846 -0.0175589
53.4699  -0.998976 0.0452359
53.5327  -0.994167 0.107852
53.5956  -0.985437 0.170043
53.6584  -0.97282 0.231564
53.7212  -0.956366 0.292171
53.7841  -0.936141 0.351626
53.8469  -0.912223 0.409694
53.9097  -0.884708 0.466146
53.9726  -0.853703 0.52076
54.0354  -0.819332 0.57332
54.0982  -0.781729 0.623619
54.1611  -0.741043 0.671458
54.2239  -0.697434 0.716649
54.2867  -0.651075 0.759014
54.3496  -0.602148 0.798385
54.4124  -0.550846 0.834607
54.4752  -0.497371 0.867538
54.538  -0.441935 0.897047
54.6009  -0.384756 0.923018
54.6637  -0.32606 0.945349
54.7265  -0.266077 0.963952
54.7894  -0.205045 0.978753
54.8522  -0.143205 0.989693
54.915  -0.0807993 0.99673
54.9779  -0.0180753 0.999837
55.0407  0.04472 0.999
55.1035  0.107339 0.994222
55.1664  0.169534 0.985524
55.2292  0.231061 0.972939
55.292  0.291677 0.956517
55.3549  0.351142 0.936322
55.4177  0.409223 0.912435
55.4805  0.465689 0.884948
55.5434  0.520319 0.853972
55.6062  0.572897 0.819628
55.669  0.623215 0.782051
55.7319  0.671075 0.741389
55.7947  0.716289 0.697804
55.8575  0.758677 0.651467
55.9203  0.798074 0.60256
55.9832  0.834323 0.551277
56.046  0.867281 0.497819
56.1088  0.896819 0.442398
56.1717  0.922819 0.385233
56.2345  0.945181 0.326548
56.2973  0.963814 0.266575
56.3602  0.978646 0.205551
56.423  0.989619 0.143716
56.4858  0.996689 0.0813141
56.5487  0.999827 0.0185917
56.6115  0.999023 -0.044204
56.6743  0.994278 -0.106825
56.7372  0.985612 -0.169025
56.8  0.973058 -0.230559
56.8628  0.956667 -0.291183
56.9257  0.936503 -0.350659
56.9885  0.912646 -0.408751
57.0513  0.885189 -0.465232
57.1142  0.854241 -0.519878
57.177  0.819923 -0.572473
57.2398  0.782372 -0.622811
57.3027  0.741736 -0.670692
57.3655  0.698174 -0.715928
57.4283  0.651858 -0.758341
57.4911  0.602972 -0.797762
57.554  0.551707 -0.834038
57.6168  0.498267 -0.867024
57.6796  0.442861 -0.89659
57.7425  0.385709 -0.92262
57.8053  0.327036 -0.945012
57.8681  0.267073 -0.963676
57.931  0.206056 -0.97854
57.9938  0.144227 -0.989545
58.0566  0.0818288 -0.996646
58.1195  0.0191081 -0.999817
58.1823  -0.0436881 -0.999045
58.2451  -0.106312 -0.994333
58.308  -0.168516 -0.985699
58.3708  -0.230056 -0.973177
58.4336  -0.290689 -0.956818
58.4965  -0.350175 -0.936684
58.5593  -0.40828 -0.912857
58.6221  -0.464775 -0.885429
58.685  -0.519437 -0.854509
58.7478  -0.57205 -0.820219
58.8106  -0.622407 -0.782694
58.8734  -0.670309 -0.742082
58.9363  -0.715568 -0.698543
58.9991  -0.758004 -0.65225
59.0619  -0.797451 -0.603384
59.1248  -0.833753 -0.552138
59.1876  -0.866766 -0.498715
59.2504  -0.896361 -0.443324
59.3133  -0.922421 -0.386186
59.3761  -0.944843 -0.327524
59.4389  -0.963538 -0.26757
59.5018  -0.978434 -0.206561
59.5646  -0.98947 -0.144738
59.6274  -0.996604 -0.0823435
59.6903  -0.999807 -0.0196244
59.7531  -0.999068 0.0431721
59.8159  -0.994388 0.105798
59.8788  -0.985786 0.168007
59.9416  -0.973296 0.229554
60.0044  -0.956968 0.290195
60.0673  -0.936865 0.349691
60.1301  -0.913067 0.407809
60.1929  -0.885669 0.464318
60.2557  -0.854777 0.518995
60.3186  -0.820514 0.571626
60.3814  -0.783015 0.622002
60.4442  -0.742428 0.669926
60.5071  -0.698913 0.715207
60.5699  -0.652641 0.757667
60.6327  -0.603796 0.797139
60.6956  -0.552569 0.833467
60.7584  -0.499162 0.866509
60.8212  -0.443787 0.896132
60.8841  -0.386662 0.922221
60.9469  -0.328012 0.944674
61.0097  -0.268068 0.9634
61.0726  -0.207067 0.978327
61.1354  -0.145249 0.989395
61.1982  -0.0828582 0.996561
61.2611  -0.0201408 0.999797
61.3239  0.0426561 0.99909
61.3867  0.105285 0.994442
61.4496  0.167498 0.985872
61.5124  0.229051 0.973414
61.5752  0.2897 0.957117
61.638  0.349207 0.937045
61.7009  0.407337 0.913278
61.7637  0.46386 0.885908
61.8265  0.518554 0.855045
61.8894  0.571202 0.820809
61.9522  0.621598 0.783336
62.015  0.669542 0.742774
62.0779  0.714846 0.699282
62.1407  0.75733 0.653033
62.2035  0.796827 0.604207
62.2664  0.833182 0.552999
62.3292  0.866251 0.49961
62.392  0.895903 0.44425
62.4549  0.922022 0.387138
62.5177  0.944504 0.3285
62.5805  0.963261 0.268565
62.6434  0.97822 0.207572
62.7062  0.98932 0.14576
62.769  0.996518 0.0833729
62.8319  0.999787 0.0206571
