0  1 0
0.0628319  0.998026 -0.0628319
0.125664  0.992108 -0.125416
0.188496  0.98227 -0.187504
0.251327  0.96855 -0.248852
0.314159  0.951002 -0.309216
0.376991  0.929696 -0.368359
0.439823  0.904716 -0.426047
0.502655  0.876161 -0.482051
0.565487  0.844144 -0.53615
0.628319  0.80879 -0.588131
0.69115  0.77024 -0.637788
0.753982  0.728646 -0.684924
0.816814  0.684173 -0.729354
0.879646  0.636996 -0.770903
0.942478  0.587301 -0.809405
1.00531  0.535286 -0.844708
1.06814  0.481154 -0.876674
1.13097  0.425122 -0.905175
1.19381  0.367409 -0.930099
1.25664  0.308243 -0.951348
1.31947  0.24786 -0.968838
1.3823  0.186497 -0.982499
1.44513  0.124397 -0.992278
1.50796  0.0618043 -0.998135
1.5708  -0.00103237 -1.00005
1.63363  -0.0638652 -0.998009
1.69646  -0.126446 -0.992027
1.75929  -0.188527 -0.982124
1.82212  -0.249864 -0.968339
1.88496  -0.310213 -0.950729
1.94779  -0.369337 -0.929361
2.01062  -0.427001 -0.90432
2.07345  -0.482978 -0.875706
2.13628  -0.537047 -0.843631
2.19911  -0.588994 -0.808222
2.26195  -0.638613 -0.769619
2.32478  -0.685709 -0.727974
2.38761  -0.730096 -0.683453
2.45044  -0.771597 -0.636231
2.51327  -0.81005 -0.586494
2.57611  -0.845301 -0.534439
2.63894  -0.877213 -0.480272
2.70177  -0.905657 -0.424208
2.7646  -0.930524 -0.366466
2.82743  -0.951713 -0.307276
2.89027  -0.969141 -0.246872
2.9531  -0.982739 -0.185492
3.01593  -0.992454 -0.123378
3.07876  -0.998247 -0.0607768
3.14159  -1.0001 0.00206483
3.20442  -0.997991 0.0648986
3.26726  -0.991944 0.127476
3.33009  -0.981976 0.18955
3.39292  -0.968128 0.250875
3.45575  -0.950454 0.311209
3.51858  -0.929024 0.370314
3.58142  -0.903923 0.427955
3.64425  -0.875249 0.483906
3.70708  -0.843117 0.537944
3.76991  -0.807653 0.589857
3.83274  -0.768997 0.639439
3.89557  -0.727302 0.686494
3.95841  -0.682732 0.730837
4.02124  -0.635465 0.772291
4.08407  -0.585686 0.810694
4.1469  -0.533592 0.845894
4.20973  -0.47939 0.877751
4.27257  -0.423293 0.906139
4.3354  -0.365523 0.930947
4.39823  -0.306308 0.952076
4.46106  -0.245883 0.969442
4.52389  -0.184486 0.982978
4.58673  -0.122359 0.992629
4.64956  -0.0597492 0.998358
4.71239  0.0030974 1.00014
4.77522  0.065932 0.997973
4.83805  0.128506 0.99186
4.90088  0.190573 0.981828
4.96372  0.251887 0.967916
5.02655  0.312206 0.950179
5.08938  0.371291 0.928687
5.15221  0.428909 0.903525
5.21504  0.484833 0.874792
5.27788  0.53884 0.842602
5.34071  0.590719 0.807083
5.40354  0.640263 0.768374
5.46637  0.687278 0.726628
5.5292  0.731577 0.682011
5.59203  0.772985 0.634698
5.65487  0.811338 0.584877
5.7177  0.846485 0.532745
5.78053  0.878288 0.478507
5.84336  0.90662 0.422378
5.90619  0.931369 0.36458
5.96903  0.952438 0.30534
6.03186  0.969743 0.244894
6.09469  0.983216 0.18348
6.15752  0.992803 0.121341
6.22035  0.998468 0.0587214
6.28319  1.00019 -0.00413006
6.34602  0.997953 -0.0669655
6.40885  0.991775 -0.129536
6.47168  0.981678 -0.191596
6.53451  0.967702 -0.252898
6.59734  0.949902 -0.313202
6.66018  0.928348 -0.372268
6.72301  0.903125 -0.429863
6.78584  0.874333 -0.485759
6.84867  0.842086 -0.539736
6.9115  0.806512 -0.591581
6.97434  0.76775 -0.641088
7.03717  0.725953 -0.688061
7.1  0.681288 -0.732316
7.16283  0.633931 -0.773677
7.22566  0.584068 -0.811981
7.28849  0.531897 -0.847076
7.35133  0.477623 -0.878824
7.41416  0.421462 -0.907099
7.47699  0.363636 -0.93179
7.53982  0.304372 -0.952799
7.60265  0.243905 -0.970042
7.66549  0.182474 -0.983452
7.72832  0.120322 -0.992976
7.79115  0.0576935 -0.998576
7.85398  -0.00516282 -1.00023
7.91681  -0.0679989 -0.997931
7.97965  -0.130567 -0.991689
8.04248  -0.192619 -0.981528
8.10531  -0.25391 -0.967488
8.16814  -0.314197 -0.949624
8.23097  -0.373244 -0.928008
8.2938  -0.430816 -0.902725
8.35664  -0.486685 -0.873874
8.41947  -0.540632 -0.84157
8.4823  -0.592442 -0.80594
8.54513  -0.641911 -0.767125
8.60796  -0.688844 -0.725278
8.6708  -0.733055 -0.680565
8.73363  -0.774369 -0.633162
8.79646  -0.812623 -0.583258
8.85929  -0.847666 -0.531048
8.92212  -0.87936 -0.476739
8.98495  -0.907578 -0.420546
9.04779  -0.93221 -0.362691
9.11062  -0.953159 -0.303403
9.17345  -0.970341 -0.242915
9.23628  -0.983688 -0.181467
9.29911  -0.993148 -0.119302
9.36195  -0.998684 -0.0566653
9.42478  -1.00027 0.00619567
9.48761  -0.997909 0.0690325
9.55044  -0.991602 0.131597
9.61327  -0.981376 0.193641
9.67611  -0.967272 0.254921
9.73894  -0.949346 0.315193
9.80177  -0.927668 0.37422
9.8646  -0.902324 0.431768
9.92743  -0.873414 0.487611
9.99026  -0.841052 0.541526
10.0531  -0.805367 0.593302
10.1159  -0.766499 0.642734
10.1788  -0.724602 0.689626
10.2416  -0.679841 0.733793
10.3044  -0.632394 0.77506
10.3673  -0.582447 0.813264
10.4301  -0.530198 0.848255
10.4929  -0.475854 0.879894
10.5558  -0.419629 0.908056
10.6186  -0.361746 0.93263
10.6814  -0.302433 0.953518
10.7442  -0.241925 0.970638
10.8071  -0.180461 0.983923
10.8699  -0.118283 0.993319
10.9327  -0.0556371 0.998791
10.9956  0.00722862 1.00031
11.0584  0.070066 0.997886
11.1212  0.132627 0.991514
11.1841  0.194664 0.981224
11.2469  0.255931 0.967056
11.3097  0.316188 0.949066
11.3726  0.375196 0.927326
11.4354  0.432721 0.901921
11.4982  0.488536 0.872952
11.5611  0.542421 0.840534
11.6239  0.594162 0.804793
11.6867  0.643556 0.765872
11.7496  0.690407 0.723925
11.8124  0.73453 0.679116
11.8752  0.77575 0.631624
11.9381  0.813905 0.581635
12.0009  0.848843 0.529348
12.0637  0.880428 0.474969
12.1265  0.908533 0.418712
12.1894  0.933048 0.360801
12.2522  0.953876 0.301464
12.315  0.970935 0.240935
12.3779  0.984157 0.179453
12.4407  0.993489 0.117263
12.5035  0.998896 0.0546086
12.5664  1.00036 -0.00826166
12.6292  0.997862 -0.0710995
12.692  0.991425 -0.133657
12.7549  0.98107 -0.195686
12.8177  0.966838 -0.256942
12.8805  0.948785 -0.317183
12.9434  0.926983 -0.376171
13.0062  0.901518 -0.433673
13.069  0.87249 -0.489461
13.1319  0.840014 -0.543315
13.1947  0.804219 -0.595022
13.2575  0.765245 -0.644378
13.3204  0.723247 -0.691188
13.3832  0.678391 -0.735266
13.446  0.630853 -0.776439
13.5088  0.580823 -0.814544
13.5717  0.528497 -0.849431
13.6345  0.474083 -0.880961
13.6973  0.417794 -0.909009
13.7602  0.359855 -0.933466
13.823  0.300493 -0.954233
13.8858  0.239944 -0.97123
13.9487  0.178446 -0.984389
14.0115  0.116243 -0.993658
14.0743  0.05358 -0.999001
14.1372  -0.00929479 -1.0004
14.2  -0.0721331 -0.997837
14.2628  -0.134687 -0.991335
14.3257  -0.196708 -0.980915
14.3885  -0.257953 -0.966619
14.4513  -0.318178 -0.948504
14.5142  -0.377146 -0.92664
14.577  -0.434624 -0.901114
14.6398  -0.490385 -0.872027
14.7027  -0.544208 -0.839494
14.7655  -0.595881 -0.803643
14.8283  -0.645199 -0.764616
14.8911  -0.691968 -0.722568
14.954  -0.736002 -0.677664
15.0168  -0.777128 -0.630082
15.0796  -0.815183 -0.58001
15.1425  -0.850017 -0.527646
15.2053  -0.881492 -0.473196
15.2681  -0.909484 -0.416876
15.331  -0.933882 -0.358909
15.3938  -0.95459 -0.299523
15.4566  -0.971525 -0.238953
15.5195  -0.984621 -0.177438
15.5823  -0.993826 -0.115223
15.6451  -0.999104 -0.0525513
15.708  -1.00043 0.010328
15.7708  -0.99781 0.0731667
15.8336  -0.991243 0.135717
15.8965  -0.980759 0.19773
15.9593  -0.9664 0.258963
16.0221  -0.948221 0.319172
16.085  -0.926295 0.378121
16.1478  -0.900709 0.435575
16.2106  -0.871563 0.491309
16.2734  -0.838972 0.545101
16.3363  -0.803067 0.596739
16.3991  -0.763987 0.646019
16.4619  -0.721889 0.692747
16.5248  -0.676937 0.736737
16.5876  -0.62931 0.777816
16.6504  -0.579196 0.815821
16.7133  -0.526794 0.850603
16.7761  -0.472309 0.882023
16.8389  -0.415957 0.909958
16.9018  -0.357962 0.934298
16.9646  -0.298552 0.954945
17.0274  -0.237961 0.971818
17.0903  -0.176431 0.984852
17.1531  -0.114202 0.993993
17.2159  -0.0515224 0.999206
17.2788  0.0113613 1.00047
17.3416  0.0742004 0.997783
17.4044  0.136746 0.991151
17.4673  0.198752 0.980603
17.5301  0.259973 0.966179
17.5929  0.320167 0.947937
17.6558  0.379095 0.925949
17.7186  0.436526 0.900302
17.7814  0.492232 0.871097
17.8442  0.545993 0.83845
17.9071  0.597597 0.802489
17.9699  0.646839 0.763357
18.0327  0.693525 0.721208
18.0956  0.737471 0.676209
18.1584  0.778503 0.628538
18.2212  0.816459 0.578382
18.2841  0.851188 0.525941
18.3469  0.882553 0.471421
18.4097  0.910432 0.415038
18.4726  0.934712 0.357015
18.5354  0.955299 0.29758
18.5982  0.972111 0.23697
18.6611  0.985081 0.175422
18.7239  0.994159 0.113182
18.7867  0.999308 0.0504933
18.8496  1.00051 -0.0123947
18.9124  0.997754 -0.075234
18.9752  0.991058 -0.137776
19.0381  0.980445 -0.199774
19.1009  0.965957 -0.260983
19.1637  0.947652 -0.321161
19.2265  0.925603 -0.38007
19.2894  0.899895 -0.437477
19.3522  0.870631 -0.493155
19.415  0.837927 -0.546885
19.4779  0.801911 -0.598454
19.5407  0.762726 -0.647658
19.6035  0.720527 -0.694303
19.6664  0.67548 -0.738205
19.7292  0.627764 -0.77919
19.792  0.577567 -0.817095
19.8549  0.525087 -0.851772
19.9177  0.470533 -0.883083
19.9805  0.414118 -0.910904
20.0434  0.356067 -0.935126
20.1062  0.296608 -0.955652
20.169  0.235977 -0.972402
20.2319  0.174414 -0.98531
20.2947  0.112161 -0.994324
20.3575  0.0494641 -0.999408
20.4204  -0.0134282 -1.00054
20.4832  -0.0762677 -0.997725
20.546  -0.138806 -0.990963
20.6088  -0.200796 -0.980286
20.6717  -0.261993 -0.965734
20.7345  -0.322155 -0.947366
20.7973  -0.381043 -0.925255
20.8602  -0.438427 -0.899487
20.923  -0.494078 -0.870164
20.9858  -0.547777 -0.837403
21.0487  -0.599311 -0.801332
21.1115  -0.648477 -0.762094
21.1743  -0.695081 -0.719845
21.2372  -0.738938 -0.674751
21.3  -0.779875 -0.62699
21.3628  -0.817731 -0.576751
21.4257  -0.852355 -0.524233
21.4885  -0.883611 -0.469644
21.5513  -0.911375 -0.413198
21.6142  -0.935538 -0.355119
21.677  -0.956004 -0.295636
21.7398  -0.972693 -0.234985
21.8027  -0.985537 -0.173405
21.8655  -0.994487 -0.11114
21.9283  -0.999507 -0.0484347
21.9911  -1.00058 0.0144618
22.054  -0.997694 0.0773014
22.1168  -0.990868 0.139836
22.1796  -0.980125 0.201818
22.2425  -0.96551 0.263002
22.3053  -0.947079 0.323148
22.3681  -0.924906 0.382017
22.431  -0.899077 0.439377
22.4938  -0.869696 0.495
22.5566  -0.836877 0.548667
22.6195  -0.800752 0.600167
22.6823  -0.761461 0.649295
22.7451  -0.719162 0.695857
22.808  -0.67402 0.73967
22.8708  -0.626215 0.78056
22.9336  -0.575935 0.818365
22.9965  -0.523379 0.852937
23.0593  -0.468754 0.884138
23.1221  -0.412277 0.911846
23.185  -0.35417 0.93595
23.2478  -0.294663 0.956356
23.3106  -0.233992 0.972982
23.3734  -0.172396 0.985764
23.4363  -0.110118 0.99465
23.4991  -0.0474052 0.999605
23.5619  0.0154954 1.00061
23.6248  0.0783351 0.997662
23.6876  0.140865 0.990771
23.7504  0.202839 0.979964
23.8133  0.264012 0.965285
23.8761  0.324141 0.946791
23.9389  0.38299 0.924556
24.0018  0.440326 0.898667
24.0646  0.495922 0.869227
24.1274  0.549558 0.836351
24.1903  0.601023 0.800171
24.2531  0.650112 0.760828
24.3159  0.696633 0.718478
24.3788  0.740402 0.673289
24.4416  0.781244 0.625439
24.5044  0.818999 0.575118
24.5673  0.853519 0.522523
24.6301  0.884665 0.467864
24.6929  0.912315 0.411355
24.7558  0.936361 0.353221
24.8186  0.956706 0.29369
24.8814  0.973271 0.232999
24.9442  0.985989 0.171387
25.0071  0.994811 0.109097
25.0699  0.999703 0.0463755
25.1327  1.00064 -0.0165292
25.1956  0.997629 -0.0793688
25.2584  0.990673 -0.141895
25.3212  0.979802 -0.203861
25.3841  0.965059 -0.265021
25.4469  0.946502 -0.325134
25.5097  0.924205 -0.383963
25.5726  0.898256 -0.441275
25.6354  0.868757 -0.496843
25.6982  0.835824 -0.550448
25.7611  0.799589 -0.601878
25.8239  0.760193 -0.650929
25.8867  0.717794 -0.697409
25.9496  0.672557 -0.741132
26.0124  0.624663 -0.781927
26.0752  0.5743 -0.819633
26.1381  0.521667 -0.854099
26.2009  0.466973 -0.885191
26.2637  0.410433 -0.912784
26.3265  0.352271 -0.936771
26.3894  0.292717 -0.957055
26.4522  0.232005 -0.973558
26.515  0.170377 -0.986214
26.5779  0.108075 -0.994972
26.6407  0.0453457 -0.999799
26.7035  -0.017563 -1.00067
26.7664  -0.0804026 -0.997595
26.8292  -0.142925 -0.990574
26.892  -0.204882 -0.979639
26.9549  -0.26603 -0.964832
27.0177  -0.326127 -0.946212
27.0805  -0.384936 -0.923853
27.1434  -0.442223 -0.897844
27.2062  -0.497764 -0.868286
27.269  -0.551337 -0.835296
27.3319  -0.602732 -0.799006
27.3947  -0.651745 -0.759558
27.4575  -0.698183 -0.717108
27.5204  -0.741862 -0.671825
27.5832  -0.78261 -0.623886
27.646  -0.820265 -0.573482
27.7088  -0.854679 -0.520811
27.7717  -0.885715 -0.466082
27.8345  -0.913252 -0.409511
27.8973  -0.937179 -0.351321
27.9602  -0.957404 -0.291743
28.023  -0.973844 -0.231011
28.0858  -0.986437 -0.169367
28.1487  -0.995132 -0.107053
28.2115  -0.999894 -0.0443157
28.2743  -1.0007 0.0185969
28.3372  -0.99756 0.0814363
28.4  -0.990475 0.143954
28.4628  -0.979475 0.205903
28.5257  -0.964604 0.267039
28.5885  -0.945921 0.32712
28.6513  -0.923501 0.385908
28.7142  -0.89743 0.443172
28.777  -0.867814 0.498684
28.8398  -0.834767 0.552226
28.9027  -0.798422 0.603586
28.9655  -0.758922 0.652561
29.0283  -0.716422 0.698957
29.0911  -0.671091 0.742592
29.154  -0.623108 0.783292
29.2168  -0.572662 0.820897
29.2796  -0.519954 0.855258
29.3425  -0.46519 0.886239
29.4053  -0.408587 0.913718
29.4681  -0.35037 0.937587
29.531  -0.290768 0.957751
29.5938  -0.230017 0.97413
29.6566  -0.168357 0.986659
29.7195  -0.106031 0.99529
29.7823  -0.0432856 0.999987
29.8451  0.0196309 1.00073
29.908  0.0824701 0.997524
29.9708  0.144984 0.990374
30.0336  0.206924 0.979309
30.0965  0.268048 0.964375
30.1593  0.328112 0.945629
30.2221  0.38688 0.923147
30.285  0.444119 0.897016
30.3478  0.499604 0.867341
30.4106  0.553114 0.834237
30.4734  0.604439 0.797837
30.5363  0.653376 0.758285
30.5991  0.69973 0.715735
30.6619  0.74332 0.670357
30.7248  0.783973 0.622329
30.7876  0.821527 0.571843
30.8504  0.855836 0.519096
30.9133  0.886762 0.464297
30.9761  0.914184 0.407664
31.0389  0.937994 0.349419
31.1018  0.958097 0.289794
31.1646  0.974414 0.229023
31.2274  0.986881 0.167346
31.2903  0.995447 0.105008
31.3531  1.00008 0.0422553
31.4159  1.00076 -0.020665
31.4788  0.997487 -0.0835039
31.5416  0.990272 -0.146013
31.6044  0.979143 -0.207945
31.6673  0.964144 -0.269056
31.7301  0.945336 -0.329104
31.7929  0.922792 -0.387852
31.8557  0.896601 -0.445067
31.9186  0.866867 -0.500523
31.9814  0.833707 -0.554002
32.0442  0.797252 -0.605292
32.1071  0.757647 -0.65419
32.1699  0.715047 -0.700503
32.2327  0.669622 -0.744048
32.2956  0.62155 -0.784653
32.3584  0.571022 -0.822157
32.4212  0.518237 -0.856413
32.4841  0.463404 -0.887284
32.5469  0.40674 -0.914649
32.6097  0.348468 -0.9384
32.6726  0.288819 -0.958443
32.7354  0.228028 -0.974698
32.7982  0.166336 -0.987101
32.8611  0.103986 -0.995604
32.9239  0.0412249 -1.00017
32.9867  -0.0216991 -1.00079
33.0496  -0.0845377 -0.997449
33.1124  -0.147042 -0.990169
33.1752  -0.208966 -0.978975
33.2381  -0.270065 -0.963913
33.3009  -0.330096 -0.945042
33.3637  -0.388823 -0.922436
33.4265  -0.446014 -0.896184
33.4894  -0.501442 -0.866392
33.5522  -0.55489 -0.833175
33.615  -0.606144 -0.796665
33.6779  -0.655004 -0.757008
33.7407  -0.701275 -0.714358
33.8035  -0.744775 -0.668886
33.8664  -0.785332 -0.62077
33.9292  -0.822786 -0.570201
33.992  -0.856989 -0.517378
34.0549  -0.887805 -0.46251
34.1177  -0.915113 -0.405815
34.1805  -0.938805 -0.347516
34.2434  -0.958787 -0.287843
34.3062  -0.97498 -0.227032
34.369  -0.98732 -0.165324
34.4319  -0.995759 -0.102963
34.4947  -1.00026 -0.0401943
34.5575  -1.00081 0.0227334
34.6204  -0.99741 0.0855715
34.6832  -0.990065 0.148072
34.746  -0.978807 0.209987
34.8088  -0.963681 0.271073
34.8717  -0.944746 0.331088
34.9345  -0.922079 0.389794
34.9973  -0.895767 0.446961
35.0602  -0.865916 0.502361
35.123  -0.832642 0.555777
35.1858  -0.796078 0.606996
35.2487  -0.756368 0.655817
35.3115  -0.713669 0.702046
35.3743  -0.668149 0.745502
35.4372  -0.619989 0.786011
35.5  -0.569379 0.823415
35.5628  -0.516518 0.857564
35.6257  -0.461616 0.888325
35.6885  -0.40489 0.915576
35.7513  -0.346563 0.939209
35.8142  -0.286867 0.95913
35.877  -0.226037 0.975261
35.9398  -0.164313 0.987539
36.0027  -0.10194 0.995913
36.0655  -0.0391636 1.00035
36.1283  0.0237677 1.00084
36.1911  0.0866053 0.99737
36.254  0.149101 0.989959
36.3168  0.211008 0.978637
36.3796  0.272081 0.963447
36.4425  0.332079 0.94445
36.5053  0.390765 0.921721
36.5681  0.447907 0.895349
36.631  0.503279 0.865439
36.6938  0.556663 0.832108
36.7566  0.607847 0.79549
36.8195  0.656629 0.755727
36.8823  0.702817 0.712978
36.9451  0.746227 0.667412
37.008  0.786689 0.619207
37.0708  0.824042 0.568556
37.1336  0.858139 0.515658
37.1965  0.888845 0.460721
37.2593  0.916038 0.403964
37.3221  0.939612 0.34561
37.385  0.959473 0.285891
37.4478  0.975542 0.225041
37.5106  0.987756 0.163302
37.5734  0.996067 0.100917
37.6363  1.00044 0.0381328
37.6991  1.00086 -0.024802
37.7619  0.997328 -0.0876391
37.8248  0.989853 -0.15013
37.8876  0.978466 -0.212028
37.9504  0.963213 -0.273088
38.0133  0.944153 -0.33307
38.0761  0.921362 -0.391735
38.1389  0.89493 -0.448853
38.2018  0.864961 -0.504197
38.2646  0.831574 -0.557549
38.3274  0.794901 -0.608698
38.3903  0.755086 -0.657441
38.4531  0.712287 -0.703587
38.5159  0.666674 -0.746952
38.5788  0.618425 -0.787366
38.6416  0.567733 -0.824669
38.7044  0.514797 -0.858713
38.7673  0.459826 -0.889363
38.8301  0.403038 -0.916499
38.8929  0.344657 -0.940014
38.9557  0.284914 -0.959814
39.0186  0.224045 -0.975821
39.0814  0.16229 -0.987972
39.1442  0.0998933 -0.996219
39.2071  0.0371018 -1.00053
39.2699  -0.0258365 -1.00088
39.3327  -0.088673 -0.997286
39.3956  -0.151159 -0.989746
39.4584  -0.213048 -0.978295
39.5212  -0.274096 -0.962977
39.5841  -0.334061 -0.943854
39.6469  -0.392705 -0.921002
39.7097  -0.449798 -0.894509
39.7726  -0.505114 -0.864482
39.8354  -0.558434 -0.831038
39.8982  -0.609547 -0.79431
39.9611  -0.658252 -0.754444
40.0239  -0.704356 -0.711595
40.0867  -0.747677 -0.665935
40.1496  -0.788043 -0.617642
40.2124  -0.825295 -0.566909
40.2752  -0.859286 -0.513935
40.338  -0.889881 -0.45893
40.4009  -0.91696 -0.402111
40.4637  -0.940415 -0.343703
40.5265  -0.960154 -0.283937
40.5894  -0.976099 -0.223048
40.6522  -0.988187 -0.161278
40.715  -0.99637 -0.0988696
40.7779  -1.00062 -0.0360707
40.8407  -1.00091 0.026871
40.9035  -0.997242 0.0897068
40.9664  -0.989637 0.152188
41.0292  -0.978122 0.214069
41.092  -0.962741 0.275103
41.1549  -0.943555 0.335051
41.2177  -0.920641 0.393675
41.2805  -0.894088 0.450743
41.3434  -0.864002 0.506031
41.4062  -0.830502 0.559319
41.469  -0.793719 0.610397
41.5319  -0.7538 0.659063
41.5947  -0.710902 0.705125
41.6575  -0.665195 0.7484
41.7204  -0.616858 0.788718
41.7832  -0.566084 0.82592
41.846  -0.513073 0.859857
41.9088  -0.458033 0.890397
41.9717  -0.401184 0.917419
42.0345  -0.342749 0.940815
42.0973  -0.282959 0.960494
42.1602  -0.222051 0.976377
42.223  -0.160265 0.988401
42.2858  -0.0978458 0.99652
42.3487  -0.0350394 1.0007
42.4115  0.0279056 1.00093
42.4743  0.0907406 0.997198
42.5372  0.153217 0.989528
42.6  0.215089 0.977948
42.6628  0.27611 0.962503
42.7257  0.336041 0.943255
42.7885  0.394644 0.920279
42.8513  0.451688 0.893666
42.9142  0.506947 0.863521
42.977  0.560203 0.829964
43.0398  0.611246 0.793128
43.1027  0.659873 0.753156
43.1655  0.705892 0.710209
43.2283  0.749123 0.664454
43.2911  0.789393 0.616074
43.354  0.826544 0.565259
43.4168  0.860429 0.51221
43.4796  0.890913 0.457136
43.5425  0.917877 0.400256
43.6053  0.941214 0.341794
43.6681  0.960832 0.281981
43.731  0.976653 0.221054
43.7938  0.988614 0.159253
43.8566  0.996669 0.0968217
43.9195  1.00079 0.034008
43.9823  1.00095 -0.0289403
44.0451  0.997152 -0.0917745
44.108  0.989418 -0.154246
44.1708  0.977773 -0.216109
44.2336  0.962264 -0.277117
44.2965  0.942953 -0.337031
44.3593  0.919916 -0.395613
44.4221  0.893243 -0.452633
44.485  0.86304 -0.507863
44.5478  0.829426 -0.561087
44.6106  0.792535 -0.612094
44.6734  0.752511 -0.660682
44.7363  0.709514 -0.70666
44.7991  0.663713 -0.749845
44.8619  0.615289 -0.790067
44.9248  0.564433 -0.827167
44.9876  0.511346 -0.860999
45.0504  0.456239 -0.891428
45.1133  0.399328 -0.918335
45.1761  0.340839 -0.941613
45.2389  0.281003 -0.961169
45.3018  0.220056 -0.976928
45.3646  0.15824 -0.988826
45.4274  0.0957974 -0.996817
45.4903  0.0329765 -1.00087
45.5531  -0.029975 -1.00096
45.6159  -0.0928083 -0.997105
45.6788  -0.155275 -0.989306
45.7416  -0.217129 -0.977597
45.8044  -0.278124 -0.962025
45.8673  -0.338021 -0.942651
45.9301  -0.396582 -0.919551
45.9929  -0.453577 -0.892818
46.0557  -0.508779 -0.862557
46.1186  -0.56197 -0.828887
46.1814  -0.612942 -0.791941
46.2442  -0.661491 -0.751866
46.3071  -0.707426 -0.708819
46.3699  -0.750566 -0.662971
46.4327  -0.79074 -0.614503
46.4956  -0.82779 -0.563606
46.5584  -0.861568 -0.510482
46.6212  -0.891942 -0.45534
46.6841  -0.918791 -0.398399
46.7469  -0.94201 -0.339883
46.8097  -0.961506 -0.280024
46.8726  -0.977202 -0.219058
46.9354  -0.989037 -0.157226
46.9982  -0.996964 -0.094773
47.0611  -1.00095 -0.0319448
47.1239  -1.00098 0.0310098
47.1867  -0.997058 0.0938422
47.2496  -0.989193 0.156304
47.3124  -0.97742 0.218148
47.3752  -0.961784 0.279131
47.438  -0.942347 0.33901
47.5009  -0.919186 0.397551
47.5637  -0.892393 0.45452
47.6265  -0.862073 0.509694
47.6894  -0.828347 0.562853
47.7522  -0.791346 0.613789
47.815  -0.751219 0.662299
47.8779  -0.708123 0.708192
47.9407  -0.662228 0.751287
48.0035  -0.613716 0.791413
48.0664  -0.562778 0.828411
48.1292  -0.509617 0.862137
48.192  -0.454441 0.892455
48.2549  -0.39747 0.919247
48.3177  -0.338927 0.942406
48.3805  -0.279045 0.961841
48.4434  -0.21806 0.977476
48.5062  -0.156213 0.989247
48.569  -0.0937483 0.99711
48.6319  -0.030913 1.00103
48.6947  0.0320447 1.001
48.7575  0.094876 0.997009
48.8203  0.157333 0.98908
48.8832  0.219168 0.977242
48.946  0.280137 0.961542
49.0088  0.34 0.942042
49.0717  0.398519 0.91882
49.1345  0.455463 0.891967
49.1973  0.510608 0.861589
49.2602  0.563735 0.827805
49.323  0.614635 0.790751
49.3858  0.663106 0.750571
49.4487  0.708957 0.707426
49.5115  0.752007 0.661484
49.5743  0.792084 0.612928
49.6372  0.829032 0.56195
49.7  0.862704 0.508751
49.7628  0.892967 0.453542
49.8257  0.919701 0.39654
49.8885  0.942801 0.337971
49.9513  0.962176 0.278065
50.0142  0.977748 0.217061
50.077  0.989456 0.155199
50.1398  0.997254 0.0927234
50.2027  1.00111 0.0298811
50.2655  1.00101 -0.0330796
50.3283  0.996959 -0.0959099
50.3911  0.988965 -0.158361
50.454  0.977063 -0.220187
50.5168  0.961299 -0.281143
50.5796  0.941737 -0.340989
50.6425  0.918453 -0.399486
50.7053  0.89154 -0.456406
50.7681  0.861103 -0.511522
50.831  0.827263 -0.564617
50.8938  0.790154 -0.615481
50.9566  0.749923 -0.663913
51.0195  0.706728 -0.709722
51.0823  0.66074 -0.752726
51.1451  0.61214 -0.792755
51.208  0.561122 -0.829652
51.2708  0.507885 -0.863271
51.3336  0.452642 -0.893478
51.3965  0.395609 -0.920155
51.4593  0.337014 -0.943196
51.5221  0.277086 -0.962509
51.585  0.216062 -0.978019
51.6478  0.154185 -0.989664
51.7106  0.0916984 -0.997398
51.7734  0.028849 -1.00119
51.8363  -0.0341147 -1.00103
51.8991  -0.0969437 -0.996908
51.9619  -0.15939 -0.988849
52.0248  -0.221207 -0.976882
52.0876  -0.282149 -0.961055
52.1504  -0.341977 -0.94143
52.2133  -0.400454 -0.918085
52.2761  -0.457348 -0.891111
52.3389  -0.512436 -0.860616
52.4018  -0.565498 -0.82672
52.4646  -0.616327 -0.789557
52.5274  -0.664719 -0.749274
52.5903  -0.710485 -0.706029
52.6531  -0.753444 -0.659994
52.7159  -0.793426 -0.611351
52.7788  -0.830272 -0.560292
52.8416  -0.863837 -0.507019
52.9044  -0.893989 -0.451741
52.9673  -0.920608 -0.394679
53.0301  -0.943589 -0.336056
53.0929  -0.962841 -0.276105
53.1557  -0.978289 -0.215063
53.2186  -0.989871 -0.153171
53.2814  -0.997541 -0.0906731
53.3442  -1.00127 -0.0278168
53.4071  -1.00104 0.0351497
53.4699  -0.996856 0.0979776
53.5327  -0.988732 0.160418
53.5956  -0.976701 0.222226
53.6584  -0.96081 0.283155
53.7212  -0.941123 0.342966
53.7841  -0.917716 0.401421
53.8469  -0.890682 0.45829
53.9097  -0.860129 0.513349
53.9726  -0.826176 0.566379
54.0354  -0.788959 0.617171
54.0982  -0.748623 0.665525
54.1611  -0.70533 0.711249
54.2239  -0.659248 0.754162
54.2867  -0.610562 0.794095
54.3496  -0.559462 0.83089
54.4124  -0.506151 0.864402
54.4752  -0.45084 0.894498
54.538  -0.393747 0.92106
54.6009  -0.335098 0.943981
54.6637  -0.275125 0.963173
54.7265  -0.214064 0.978558
54.7894  -0.152156 0.990077
54.8522  -0.0896476 0.997683
54.915  -0.0267844 1.00135
54.9779  0.0361849 1.00105
55.0407  0.0990114 0.996803
55.1035  0.161447 0.988614
55.1664  0.223245 0.976519
55.2292  0.284161 0.960564
55.292  0.343954 0.940814
55.3549  0.402388 0.917345
55.4177  0.459232 0.890252
55.4805  0.514262 0.85964
55.5434  0.567259 0.825631
55.6062  0.618016 0.78836
55.669  0.66633 0.747972
55.7319  0.712011 0.704629
55.7947  0.754879 0.658501
55.8575  0.794763 0.609771
55.9203  0.831508 0.558631
55.9832  0.864966 0.505283
56.046  0.895007 0.449938
56.1088  0.921511 0.392815
56.1717  0.944373 0.33414
56.2345  0.963503 0.274143
56.2973  0.978826 0.213064
56.3602  0.990281 0.151142
56.423  0.997823 0.088622
56.4858  1.00142 0.025752
56.5487  1.00106 -0.0372201
56.6115  0.996749 -0.100045
56.6743  0.988495 -0.162475
56.7372  0.976335 -0.224264
56.8  0.960317 -0.285166
56.8628  0.940504 -0.344941
56.9257  0.916974 -0.403354
56.9885  0.889821 -0.460173
57.0513  0.859151 -0.515174
57.1142  0.825086 -0.568139
57.177  0.78776 -0.618859
57.2398  0.747321 -0.667134
57.3027  0.703928 -0.712773
57.3655  0.657754 -0.755595
57.4283  0.60898 -0.795431
57.4911  0.5578 -0.832125
57.554  0.504415 -0.86553
57.6168  0.449036 -0.895514
57.6796  0.391883 -0.92196
57.7425  0.333181 -0.944763
57.8053  0.273162 -0.963833
57.8681  0.212063 -0.979094
57.931  0.150126 -0.990485
57.9938  0.0875961 -0.997963
58.0566  0.0247194 -1.0015
58.1195  -0.0382553 -1.00107
58.1823  -0.101079 -0.996693
58.2451  -0.163504 -0.988375
58.308  -0.225282 -0.976151
58.3708  -0.286171 -0.960069
58.4336  -0.345929 -0.940193
58.4965  -0.40432 -0.916602
58.5593  -0.461114 -0.889389
58.6221  -0.516086 -0.85866
58.685  -0.569018 -0.824539
58.7478  -0.619702 -0.787159
58.8106  -0.667938 -0.746668
58.8734  -0.713534 -0.703226
58.9363  -0.75631 -0.657005
58.9991  -0.796098 -0.608188
59.0619  -0.83274 -0.556967
59.1248  -0.866092 -0.503545
59.1876  -0.896021 -0.448133
59.2504  -0.922409 -0.39095
59.3133  -0.945153 -0.332222
59.3761  -0.964161 -0.27218
59.4389  -0.97936 -0.211063
59.5018  -0.990688 -0.149111
59.5646  -0.998101 -0.0865701
59.6274  -1.00157 -0.0236867
59.6903  -1.00108 0.0392906
59.7531  -0.996637 0.102113
59.8159  -0.988254 0.164532
59.8788  -0.975965 0.226301
59.9416  -0.95982 0.287176
60.0044  -0.939881 0.346916
60.0673  -0.916229 0.405286
60.1301  -0.888955 0.462054
60.1929  -0.858169 0.516997
60.2557  -0.823991 0.569897
60.3186  -0.786557 0.620545
60.3814  -0.746014 0.668741
60.4442  -0.702523 0.714294
60.5071  -0.656256 0.757025
60.5699  -0.607396 0.796765
60.6327  -0.556134 0.833356
60.6956  -0.502675 0.866654
60.7584  -0.44723 0.896527
60.8212  -0.390017 0.922857
60.8841  -0.331262 0.945541
60.9469  -0.271198 0.964489
61.0097  -0.210062 0.979625
61.0726  -0.148096 0.99089
61.1354  -0.0855439 0.998239
61.1982  -0.0226538 1.00164
61.2611  0.040326 1.00109
61.3239  0.103147 0.99658
61.3867  0.16556 0.988132
61.4496  0.227319 0.975779
61.5124  0.288181 0.95957
61.5752  0.347903 0.939569
61.638  0.406251 0.915854
61.7009  0.462994 0.888521
61.7637  0.517908 0.857676
61.8265  0.570775 0.823442
61.8894  0.621387 0.785954
61.9522  0.669543 0.74536
62.015  0.715054 0.70182
62.0779  0.757739 0.655506
62.1407  0.79743 0.606602
62.2035  0.83397 0.555301
62.2664  0.867214 0.501805
62.3292  0.897032 0.446326
62.392  0.923305 0.389083
62.4549  0.945929 0.330302
62.5177  0.964815 0.270215
62.5805  0.979889 0.209061
62.6434  0.99109 0.14708
62.7062  0.998375 0.0845174
62.769  1.00171 0.0216208
62.8319  1.0011 -0.0413614
