0  1 0
0.314159  0.95184 -0.306594
0.628319  0.812 -0.583658
0.942478  0.593948 -0.804503
1.25664  0.318687 -0.94786
1.5708  0.012731 -0.999919
1.88496  -0.294452 -0.955666
2.19911  -0.573273 -0.819365
2.51327  -0.796877 -0.604142
2.82743  -0.943726 -0.330729
3.14159  -0.999676 -0.0254599
3.45575  -0.959338 0.282261
3.76991  -0.826596 0.562795
4.08407  -0.614238 0.789121
4.39823  -0.342716 0.939439
4.71239  -0.0381847 0.999271
5.02655  0.270025 0.962853
5.34071  0.552226 0.833694
5.65487  0.781237 0.624235
5.96903  0.935 0.354649
6.28319  0.998704 0.0509033
6.59734  0.966213 -0.257745
6.9115  0.840657 -0.541568
7.22566  0.63413 -0.773227
7.53982  0.366523 -0.930409
7.85398  0.0636137 -0.997975
8.16814  -0.245423 -0.969416
8.4823  -0.530821 -0.847484
8.79646  -0.765091 -0.643922
9.11062  -0.925667 -0.378339
9.42478  -0.997084 -0.0763137
9.73894  -0.972462 0.233062
10.0531  -0.854173 0.519989
10.3673  -0.653611 0.756831
10.6814  -0.390093 0.920776
10.9956  -0.0890014 0.996032
11.3097  0.220663 0.97535
11.6239  0.509072 0.860724
11.9381  0.748449 0.663193
12.2522  0.915735 0.401783
12.5664  0.994818 0.101675
12.8805  0.97808 -0.208227
13.1947  0.867135 -0.498073
13.5088  0.672668 -0.739945
13.823  0.413409 -0.910545
14.1372  0.114331 -0.993443
14.4513  -0.195759 -0.980652
14.7655  -0.486993 -0.873406
15.0796  -0.731321 -0.682033
15.3938  -0.905208 -0.424968
15.708  -0.991907 -0.12697
16.0221  -0.983065 0.183258
16.3363  -0.879535 0.475835
16.6504  -0.691288 0.722579
16.9646  -0.436458 0.899725
17.2788  -0.139587 0.99021
17.5929  0.170728 0.985318
17.9071  0.464599 0.885521
18.2212  0.71372 0.700432
18.5354  0.894095 0.447877
18.8496  0.988352 0.152182
19.1637  0.987412 -0.15817
19.4779  0.891364 -0.453288
19.792  0.709461 -0.704745
20.1062  0.459223 -0.888321
20.4204  0.164753 -0.986335
20.7345  -0.145586 -0.989346
21.0487  -0.441903 -0.897063
21.3628  -0.695655 -0.718376
21.677  -0.882403 -0.470495
21.9911  -0.984158 -0.177296
22.3053  -0.991119 0.132979
22.6195  -0.902616 0.430447
22.9336  -0.727174 0.686453
23.2478  -0.481691 0.876341
23.5619  -0.189811 0.981821
23.8761  0.120351 0.992731
24.1903  0.41892 0.908023
24.5044  0.67714 0.735854
24.8186  0.870138 0.492808
25.1327  0.979325 0.202295
25.4469  0.994183 -0.107702
25.7611  0.913283 -0.407326
26.0752  0.744415 -0.667717
26.3894  0.503846 -0.863793
26.7035  0.214747 -0.97667
27.0177  -0.0950368 -0.995474
27.3319  -0.395666 -0.918394
27.646  -0.658186 -0.752856
27.9602  -0.857309 -0.514802
28.2743  -0.973857 -0.227163
28.5885  -0.996603 0.0823557
28.9027  -0.923357 0.383942
29.2168  -0.761174 0.648548
29.531  -0.525675 0.850686
29.8451  -0.239543 0.970886
30.1593  0.0696613 0.997571
30.4734  0.372156 0.92817
30.7876  0.638805 0.769369
31.1018  0.843924 0.536462
31.4159  0.967757 0.251884
31.7301  0.998377 -0.0569556
32.0442  0.932833 -0.360309
32.3584  0.777439 -0.628958
32.6726  0.547163 -0.837026
32.9867  0.264184 -0.964472
33.3009  -0.0442407 -0.999021
33.615  -0.348404 -0.937344
33.9292  -0.61901 -0.785383
34.2434  -0.829992 -0.557775
34.5575  -0.961031 -0.276441
34.8717  -0.999503 0.0315186
35.1858  -0.941704 0.336443
35.5  -0.7932 0.608961
35.8142  -0.568296 0.822824
36.1283  -0.288654 0.957434
36.4425  0.0187914 0.999823
36.7566  0.324427 0.945911
37.0708  0.598813 0.800889
37.385  0.815523 0.578725
37.6991  0.953681 0.30082
38.0133  0.999982 -0.00606111
38.3274  0.949964 -0.312358
38.6416  0.808447 -0.588569
38.9557  0.589061 -0.808089
39.2699  0.312936 -0.949774
39.5841  0.00667013 -0.999978
39.8982  -0.300239 -0.953864
40.2124  -0.578229 -0.815875
40.5265  -0.800524 -0.599301
40.8407  -0.945713 -0.325003
41.1549  -0.999812 -0.0194003
41.469  -0.957609 0.288071
41.7832  -0.82317 0.567795
42.0973  -0.609444 0.792829
42.4115  -0.337016 0.941499
42.7257  -0.0321273 0.999484
43.0398  0.275856 0.961199
43.354  0.557269 0.830332
43.6681  0.785006 0.619488
43.9823  0.937132 0.348975
44.2965  0.998994 0.0448491
44.6106  0.964633 -0.263597
44.9248  0.837359 -0.546653
45.2389  0.629432 -0.777056
45.5531  0.360877 -0.932613
45.8673  0.0575636 -0.998342
46.1814  -0.251295 -0.967911
46.4956  -0.535948 -0.844251
46.8097  -0.76898 -0.639273
47.1239  -0.927943 -0.372721
47.438  -0.997528 -0.0702689
47.7522  -0.971031 0.238952
48.0664  -0.851006 0.525157
48.3805  -0.649011 0.760779
48.6947  -0.384505 0.923123
49.0088  -0.0829627 0.996553
49.323  0.22657 0.973995
49.6372  0.51428 0.857622
49.9513  0.752455 0.658644
50.2655  0.918153 0.396226
50.5796  0.995416 0.095643
50.8938  0.9768 -0.214152
51.208  0.8641 -0.50332
51.5221  0.66817 -0.744008
51.8363  0.407883 -0.913034
52.1504  0.108308 -0.994117
52.4646  -0.201699 -0.979448
52.7788  -0.492278 -0.870438
53.0929  -0.735442 -0.677588
53.4071  -0.907768 -0.419473
53.7212  -0.992658 -0.120955
54.0354  -0.981936 0.189213
54.3496  -0.876635 0.481157
54.6637  -0.686896 0.726756
54.9779  -0.430996 0.902354
55.292  -0.133583 0.991038
55.6062  0.176697 0.984265
55.9203  0.469957 0.882689
56.2345  0.717952 0.696093
56.5487  0.896794 0.442449
56.8628  0.989257 0.146189
57.177  0.986435 -0.164152
57.4911  0.888601 -0.458682
57.8053  0.705177 -0.709032
58.1195  0.45383 -0.891088
58.4336  0.158771 -0.987315
58.7478  -0.15158 -0.988445
59.0619  -0.447332 -0.894368
59.3761  -0.699997 -0.714146
59.6903  -0.885238 -0.465138
60.0044  -0.985214 -0.171328
60.3186  -0.990295 0.138984
60.6327  -0.899991 0.435909
60.9469  -0.723 0.690848
61.2611  -0.47637 0.879245
61.5752  -0.183857 0.982953
61.8894  0.126365 0.991984
62.2035  0.424416 0.905467
62.5177  0.681588 0.731736
62.8319  0.873109 0.487525
