0  0 0
0.005  -8.96447 0.005
0.01  -79.7335 0.01
0.015  -668.77 0.015
0.02  -5681.01 0.02
0.025  -48297.6 0.025
0.03  -410533 0.03
0.035  -3.48952e+06 0.035
0.04  -2.96609e+07 0.04
0.045  -2.52118e+08 0.045
0.05  -2.143e+09 0.05
0.055  -1.82155e+10 0.055
0.06  -1.54832e+11 0.06
0.065  -1.31607e+12 0.065
0.07  -1.11866e+13 0.07
0.075  -9.50861e+13 0.075
0.08  -8.08232e+14 0.08
0.085  -6.86997e+15 0.085
0.09  -5.83948e+16 0.09
0.095  -4.96355e+17 0.095
0.1  -4.21902e+18 0.1
0.105  -3.58617e+19 0.105
0.11  -3.04824e+20 0.11
0.115  -2.59101e+21 0.115
0.12  -2.20236e+22 0.12
0.125  -1.872e+23 0.125
0.13  -1.5912e+24 0.13
0.135  -1.35252e+25 0.135
0.14  -1.14964e+26 0.14
0.145  -9.77197e+26 0.145
0.15  -8.30617e+27 0.15
0.155  -7.06025e+28 0.155
0.16  -6.00121e+29 0.16
0.165  -5.10103e+30 0.165
0.17  -4.33587e+31 0.17
0.175  -3.68549e+32 0.175
0.18  -3.13267e+33 0.18
0.185  -2.66277e+34 0.185
0.19  -2.26335e+35 0.19
0.195  -1.92385e+36 0.195
0.2  -1.63527e+37 0.2
0.205  -1.38998e+38 0.205
0.21  -1.18148e+39 0.21
0.215  -1.00426e+40 0.215
0.22  -8.53623e+40 0.22
0.225  -7.25579e+41 0.225
0.23  -6.16742e+42 0.23
0.235  -5.24231e+43 0.235
0.24  -4.45596e+44 0.24
0.245  -3.78757e+45 0.245
0.25  -3.21943e+46 0.25
0.255  -2.73652e+47 0.255
0.26  -2.32604e+48 0.26
0.265  -1.97713e+49 0.265
0.27  -1.68056e+50 0.27
0.275  -1.42848e+51 0.275
0.28  -1.21421e+52 0.28
0.285  -1.03208e+53 0.285
0.29  -8.77265e+53 0.29
0.295  -7.45675e+54 0.295
0.3  -6.33824e+55 0.3
0.305  -5.3875e+56 0.305
0.31  -4.57938e+57 0.31
0.315  -3.89247e+58 0.315
0.32  -3.3086e+59 0.32
0.325  -2.81231e+60 0.325
0.33  -2.39046e+61 0.33
0.335  -2.03189e+62 0.335
0.34  -1.72711e+63 0.34
0.345  -1.46804e+64 0.345
0.35  -1.24784e+65 0.35
0.355  -1.06066e+66 0.355
0.36  -9.01562e+66 0.36
0.365  -7.66328e+67 0.365
0.37  -6.51379e+68 0.37
0.375  -5.53672e+69 0.375
0.38  -4.70621e+70 0.38
0.385  -4.00028e+71 0.385
0.39  -3.40024e+72 0.39
0.395  -2.8902e+73 0.395
0.4  -2.45667e+74 0.4
0.405  -2.08817e+75 0.405
0.41  -1.77495e+76 0.41
0.415  -1.5087e+77 0.415
0.42  -1.2824e+78 0.42
0.425  -1.09004e+79 0.425
0.43  -9.26533e+79 0.43
0.435  -7.87553e+80 0.435
0.44  -6.6942e+81 0.44
0.445  -5.69007e+82 0.445
0.45  -4.83656e+83 0.45
0.455  -4.11108e+84 0.455
0.46  -3.49441e+85 0.46
0.465  -2.97025e+86 0.465
0.47  -2.52471e+87 0.47
0.475  -2.14601e+88 0.475
0.48  -1.82411e+89 0.48
0.485  -1.55049e+90 0.485
0.49  -1.31792e+91 0.49
0.495  -1.12023e+92 0.495
0.5  -9.52195e+92 0.5
