0  1 0
0.314159  0.91017 -0.285938
0.628319  0.746648 -0.520505
0.942478  0.530745 -0.687243
1.25664  0.286559 -0.777268
1.5708  0.0385663 -0.789384
1.88496  -0.190613 -0.729501
2.19911  -0.382083 -0.609466
2.51327  -0.52203 -0.445466
2.82743  -0.602512 -0.256181
3.14159  -0.62164 -0.0608872
3.45575  -0.583208 0.122333
3.76991  -0.495839 0.278105
4.08407  -0.371776 0.394902
4.39823  -0.225462 0.465733
4.71239  -0.0720377 0.488365
5.02655  0.0740755 0.465093
5.34071  0.200409 0.402133
5.65487  0.297392 0.308704
5.96903  0.358947 0.195938
6.28319  0.382729 0.0756999
6.59734  0.369994 -0.0405372
6.9115  0.325166 -0.142691
7.22566  0.255156 -0.222851
7.53982  0.168513 -0.275791
7.85398  0.0745167 -0.299201
8.16814  -0.0177301 -0.293631
8.4823  -0.100098 -0.262184
8.79646  -0.166074 -0.21001
9.11062  -0.211206 -0.143658
9.42478  -0.23331 -0.0703614
9.73894  -0.232471 0.00267162
10.0531  -0.210824 0.068904
10.3673  -0.172184 0.122997
10.6814  -0.121547 0.161182
10.9956  -0.0645401 0.181458
11.3097  -0.00685661 0.183612
11.6239  0.046261 0.169079
11.9381  0.0904515 0.140663
12.2522  0.122547 0.102163
12.5664  0.140751 0.0579451
12.8805  0.144676 0.0124937
13.1947  0.135252 -0.029997
13.5088  0.114525 -0.0659762
13.823  0.0853723 -0.0927966
14.1372  0.0511692 -0.108872
14.4513  0.015442 -0.113723
14.7655  -0.018463 -0.107923
15.0796  -0.0476637 -0.0929488
15.3938  -0.0699597 -0.0709703
15.708  -0.0839684 -0.0445909
16.0221  -0.0891757 -0.0165755
16.3363  -0.0859046 0.0104122
16.6504  -0.0752105 0.0340403
16.9646  -0.0587209 0.052488
17.2788  -0.0384377 0.0645636
17.5929  -0.0165236 0.0697546
17.9071  0.00490621 0.0682133
18.2212  0.0239703 0.0606828
18.5354  0.0391686 0.0483777
18.8496  0.0494831 0.0328321
19.1637  0.0544259 0.0157337
19.4779  0.0540357 -0.00124215
19.792  0.0488265 -0.0165814
20.1062  0.0396991 -0.0290533
20.4204  0.0278255 -0.0377949
20.7345  0.0145189 -0.0423562
21.0487  0.00110342 -0.0427028
21.3628  -0.0112061 -0.0391823
21.677  -0.0214032 -0.0324583
21.9911  -0.0287616 -0.0234226
22.3053  -0.0328754 -0.0130945
22.6195  -0.0336664 -0.00251791
22.9336  -0.0313621 0.00733478
23.2478  -0.0264475 0.0156435
23.5619  -0.0195987 0.0218006
23.8761  -0.0116045 0.0254463
24.1903  -0.00328599 0.0264786
24.5044  0.00458044 0.0250396
24.8186  0.0113288 0.0214806
25.1327  0.0164532 0.0163117
25.4469  0.0196394 0.0101418
25.7611  0.0207751 0.00361509
26.0752  0.0199425 -0.00265004
26.3894  0.0173933 -0.00811432
26.7035  0.0135107 -0.0123588
27.0177  0.00876317 -0.0151119
27.3319  0.00365491 -0.0162601
27.646  -0.00132279 -0.0158445
27.9602  -0.00573452 -0.014043
28.2743  -0.00923481 -0.0111418
28.5885  -0.0115911 -0.00750031
28.9027  -0.0126945 -0.00351222
29.2168  -0.0125584 0.000433127
29.531  -0.0113065 0.00398515
29.8451  -0.00915129 0.00686012
30.1593  -0.00636765 0.00886057
30.4734  -0.00326207 0.00988538
30.7876  -0.000142428 0.00993013
31.1018  0.00270977 0.00907883
31.4159  0.00506234 0.00748845
31.7301  0.00674882 0.00536825
32.0442  0.00767756 0.00295627
32.3584  0.00783319 0.000495399
32.6726  0.00727119 -0.00178891
32.9867  0.0061065 -0.00370733
33.3009  0.00449788 -0.00512038
33.615  0.00262973 -0.00594653
33.9292  0.000693157 -0.00616429
34.2434  -0.00113172 -0.00580875
34.5575  -0.002691 -0.00496335
34.8717  -0.00386848 -0.00374803
35.1858  -0.00459268 -0.0023052
35.5  -0.00483926 -0.000784901
35.8142  -0.00462898 0.000669337
36.1283  -0.00402177 0.00193281
36.4425  -0.00310783 0.00290917
36.7566  -0.00199681 0.00353648
37.0708  -0.000806221 0.00378977
37.385  0.000349842 0.00367986
37.6991  0.00137063 0.00324926
38.0133  0.00217659 0.00256547
38.3274  0.00271464 0.00171264
38.6416  0.00296049 0.000782575
38.9557  0.00291832 -0.000134241
39.2699  0.00261778 -0.00095664
39.5841  0.00210908 -0.00161923
39.8982  0.00145662 -0.00207684
40.2124  0.000731927 -0.00230678
40.5265  6.58095e-06 -0.00230885
40.8407  -0.000654199 -0.00210333
41.1549  -0.00119685 -0.00172732
41.469  -0.00158325 -0.00122993
41.7832  -0.00179271 -0.000666736
42.0973  -0.00182232 -9.42386e-05
42.4115  -0.00168556 0.000435297
42.7257  -0.00140968 0.000878161
43.0398  -0.00103195 0.00120236
43.354  -0.000595449 0.00138942
43.6681  -0.00014467 0.00143487
43.9823  0.00027861 0.00134734
44.2965  0.00063884 0.00114665
44.6106  0.000909323 0.000860974
44.9248  0.00107382 0.000523623
45.2389  0.00112709 0.000169538
45.5531  0.00107432 -0.000167969
45.8673  0.000929782 -0.000460068
46.1814  0.000714709 -0.000684601
46.4956  0.000454753 -0.000827465
46.8097  0.000177298 -0.000883165
47.1239  -9.11593e-05 -0.000854527
47.438  -0.000327312 -0.000751699
47.7522  -0.000512849 -0.000590582
48.0664  -0.00063565 -0.000390887
48.3805  -0.000690319 -0.000174017
48.6947  -0.000678066 3.90038e-05
49.0088  -0.000606002 0.000229385
49.323  -0.000485975 0.000382059
49.6372  -0.000333075 0.000486697
49.9513  -0.000163989 0.000538216
50.2655  4.63849e-06 0.000536758
50.5796  0.000157702 0.000487215
50.8938  0.000282849 0.000398356
51.208  0.000371345 0.000281694
51.5221  0.000418535 0.000150207
51.8363  0.000423888 1.70392e-05
52.1504  0.000390682 -0.000105697
52.4646  0.000325364 -0.000207913
52.7788  0.000236686 -0.00028227
53.0929  0.000134713 -0.000324592
53.4071  2.97983e-05 -0.000333953
53.7212  -6.83685e-05 -0.000312474
54.0354  -0.000151575 -0.000264856
54.3496  -0.000213692 -0.000197722
54.6637  -0.000251032 -0.000118858
54.9779  -0.000262468 -3.64016e-05
55.292  -0.000249299 4.1918e-05
55.6062  -0.000214918 0.000109437
55.9203  -0.00016432 0.000161059
56.2345  -0.000103506 0.000193577
56.5487  -3.88573e-05 0.000205784
56.8628  2.34749e-05 0.000198409
57.177  7.80989e-05 0.000173874
57.4911  0.0001208 0.000135923
57.8053  0.000148815 8.91717e-05
58.1195  0.000160944 3.86096e-05
58.4336  0.000157527 -1.08788e-05
58.7478  0.000140265 -5.49444e-05
59.0619  0.000111954 -9.01159e-05
59.3761  7.613e-05 -0.000114033
59.6903  3.66848e-05 -0.000125558
60.0044  -2.51233e-06 -0.000124768
60.3186  -3.79627e-05 -0.000112842
60.6327  -6.68184e-05 -9.18505e-05
60.9469  -8.70797e-05 -6.44936e-05
61.2611  -9.76985e-05 -3.38007e-05
61.5752  -9.85872e-05 -2.82866e-06
61.8894  -9.05399e-05 2.56153e-05
62.2035  -7.50823e-05 4.92031e-05
62.5177  -5.42686e-05 6.62521e-05
62.8319  -3.04496e-05 7.58181e-05
