0  0 0
0.00625  -16.0589 0.00625
0.0125  -227.997 0.0125
0.01875  -3241.06 0.01875
0.025  -46299.2 0.025
0.03125  -661215 0.03125
0.0375  -9.44297e+06 0.0375
0.04375  -1.34857e+08 0.04375
0.05  -1.92593e+09 0.05
0.05625  -2.75047e+10 0.05625
0.0625  -3.92802e+11 0.0625
0.06875  -5.6097e+12 0.06875
0.075  -8.01135e+13 0.075
0.08125  -1.14412e+15 0.08125
0.0875  -1.63395e+16 0.0875
0.09375  -2.33348e+17 0.09375
0.1  -3.3325e+18 0.1
0.10625  -4.75923e+19 0.10625
0.1125  -6.79678e+20 0.1125
0.11875  -9.70665e+21 0.11875
0.125  -1.38623e+23 0.125
0.13125  -1.97971e+24 0.13125
0.1375  -2.82727e+25 0.1375
0.14375  -4.0377e+26 0.14375
0.15  -5.76634e+27 0.15
0.15625  -8.23506e+28 0.15625
0.1625  -1.17607e+30 0.1625
0.16875  -1.67957e+31 0.16875
0.175  -2.39864e+32 0.175
0.18125  -3.42556e+33 0.18125
0.1875  -4.89213e+34 0.1875
0.19375  -6.98657e+35 0.19375
0.2  -9.9777e+36 0.2
0.20625  -1.42494e+38 0.20625
0.2125  -2.03499e+39 0.2125
0.21875  -2.90622e+40 0.21875
0.225  -4.15045e+41 0.225
0.23125  -5.92736e+42 0.23125
0.2375  -8.46501e+43 0.2375
0.24375  -1.20891e+45 0.24375
0.25  -1.72647e+46 0.25
0.25625  -2.46562e+47 0.25625
0.2625  -3.52121e+48 0.2625
0.26875  -5.02873e+49 0.26875
0.275  -7.18166e+50 0.275
0.28125  -1.02563e+52 0.28125
0.2875  -1.46473e+53 0.2875
0.29375  -2.09182e+54 0.29375
0.3  -2.98738e+55 0.3
0.30625  -4.26635e+56 0.30625
0.3125  -6.09287e+57 0.3125
0.31875  -8.70139e+58 0.31875
0.325  -1.24267e+60 0.325
0.33125  -1.77468e+61 0.33125
0.3375  -2.53447e+62 0.3375
0.34375  -3.61954e+63 0.34375
0.35  -5.16915e+64 0.35
0.35625  -7.3822e+65 0.35625
0.3625  -1.05427e+67 0.3625
0.36875  -1.50563e+68 0.36875
0.375  -2.15023e+69 0.375
0.38125  -3.07079e+70 0.38125
0.3875  -4.38548e+71 0.3875
0.39375  -6.26301e+72 0.39375
0.4  -8.94436e+73 0.4
0.40625  -1.27737e+75 0.40625
0.4125  -1.82424e+76 0.4125
0.41875  -2.60524e+77 0.41875
0.425  -3.72061e+78 0.425
0.43125  -5.3135e+79 0.43125
0.4375  -7.58834e+80 0.4375
0.44375  -1.08371e+82 0.44375
0.45  -1.54767e+83 0.45
0.45625  -2.21027e+84 0.45625
0.4625  -3.15654e+85 0.4625
0.46875  -4.50794e+86 0.46875
0.475  -6.4379e+87 0.475
0.48125  -9.19412e+88 0.48125
0.4875  -1.31304e+90 0.4875
0.49375  -1.87518e+91 0.49375
0.5  -2.67799e+92 0.5
