0  1 0
0.314159  0.950652 -0.314159
0.628319  0.805043 -0.597312
0.942478  0.577665 -0.820748
1.25664  0.291313 -0.961724
1.5708  -0.0251978 -1.00578
1.88496  -0.339931 -0.948234
2.19911  -0.621052 -0.794648
2.51327  -0.840051 -0.560325
2.82743  -0.974627 -0.268764
3.14159  -1.01097 0.050687
3.45575  -0.945153 0.36579
3.76991  -0.783595 0.644667
4.08407  -0.542398 0.859028
4.39823  -0.24576 0.987036
4.71239  0.0764542 1.01554
5.02655  0.391721 0.941402
5.34071  0.668141 0.771883
5.65487  0.877664 0.523889
5.96903  0.998937 0.22231
6.28319  1.01948 -0.102486
6.59734  0.936976 -0.417708
6.9115  0.759512 -0.691455
7.22566  0.504804 -0.89594
7.53982  0.198425 -1.01032
7.85398  -0.128767 -1.0228
8.16814  -0.443734 -0.93187
8.4823  -0.714592 -0.746481
8.79646  -0.913842 -0.485148
9.11062  -1.02116 -0.174115
9.42478  -1.02547 0.155284
9.73894  -0.926079 0.469781
10.0531  -0.732792 0.737534
10.3673  -0.464927 0.931352
10.6814  -0.149391 1.03145
10.9956  0.182022 1.02749
11.3097  0.495833 0.919597
11.6239  0.760265 0.718446
11.9381  0.948454 0.444148
12.2522  1.04118 0.124265
12.5664  1.02884 -0.208965
12.8805  0.912422 -0.521873
13.1947  0.703445 -0.782765
13.5088  0.422818 -0.965131
13.823  0.0987481 -1.05034
14.1372  -0.236098 -1.02953
14.4513  -0.547882 -0.904549
14.7655  -0.805017 -0.687789
15.0796  -0.981367 -0.400944
15.3938  -1.0589 -0.0728531
15.708  -1.02953 0.263405
16.0221  -0.895975 0.573843
16.3363  -0.671482 0.827004
16.6504  -0.378535 0.997145
16.9646  -0.0465926 1.06686
17.2788  0.29087 1.02885
17.5929  0.599739 0.886698
17.9071  0.848707 0.654527
18.2212  1.01245 0.355598
18.5354  1.0742 0.0199796
18.8496  1.02747 -0.318477
19.1637  0.876714 -0.62555
19.4779  0.636927 -0.870108
19.792  0.332144 -1.02727
20.1062  -0.00697236 -1.08092
20.4204  -0.346209 -1.02539
20.7345  -0.651259 -0.866022
21.0487  -0.89119 -0.618686
21.3628  -1.04158 -0.30818
21.677  -1.087 0.0342494
21.9911  -1.02259 0.374049
22.3053  -0.85462 0.676848
22.6195  -0.599809 0.911934
22.9336  -0.283717 1.05537
23.2478  0.0618373 1.09242
23.5619  0.401979 1.01908
23.8761  0.702297 0.842508
24.1903  0.932322 0.580299
24.5044  1.06862 0.258765
24.8186  1.09718 -0.0897215
25.1327  1.01485 -0.429983
25.4469  0.829684 -0.727588
25.7611  0.560163 -0.952336
26.0752  0.233335 -1.08132
26.3894  -0.117887 -1.10126
26.7035  -0.458042 -1.00988
27.0177  -0.752702 -0.816149
27.3319  -0.971959 -0.539406
27.646  -1.09345 -0.207437
27.9602  -1.10466 0.146318
28.2743  -1.00418 0.486137
28.5885  -0.801903 0.777621
28.9027  -0.518034 0.991172
29.2168  -0.181084 1.105
29.531  0.174999 1.10736
29.8451  0.514252 0.997741
30.1593  0.802324 0.786947
30.4734  1.00996 0.496055
30.7876  1.11596 0.154288
31.1018  1.10936 -0.203915
31.4159  0.990553 -0.542367
31.7301  0.771282 -0.826794
32.0442  0.473475 -1.0283
32.3584  0.127061 -1.1263
32.6726  -0.233047 -1.11064
32.9867  -0.570464 -0.982616
33.3009  -0.85101 -0.754909
33.615  -1.04618 -0.450303
33.9292  -1.13602 -0.0994154
34.2434  -1.11119 0.262381
34.5575  -0.973924 0.598523
34.8717  -0.737832 0.874954
35.1858  -0.426546 1.06357
35.5  -0.0713653 1.14509
35.8142  0.291898 1.111
36.1283  0.626525 0.964476
36.4425  0.898606 0.720052
36.7566  1.08047 0.402213
37.0708  1.15351 0.0429243
37.385  1.11007 -0.321581
37.6991  0.954267 -0.654451
38.0133  0.701574 -0.921947
38.3274  0.377314 -1.09686
38.6416  0.0141066 -1.16127
38.9557  -0.351412 -1.10839
39.2699  -0.682282 -0.943295
39.5841  -0.944958 -0.6824
39.8982  -1.11271 -0.351858
40.2124  -1.16834 0.0150731
40.5265  -1.10595 0.381373
40.8407  -0.931559 0.709997
41.1549  -0.662536 0.967618
41.469  -0.325855 1.12801
41.7832  0.0445998 1.17471
42.0973  0.411446 1.10273
42.4115  0.737576 0.919056
42.7257  0.989908 0.641986
43.0398  1.14274 0.299317
43.354  1.18039 -0.0744579
43.6681  1.09874 -0.441613
43.9823  0.905786 -0.765
44.2965  0.620756 -1.01181
44.6106  0.272253 -1.1569
44.9248  -0.104632 -1.18534
45.2389  -0.471853 -1.09397
45.5531  -0.792249 -0.891749
45.8673  -1.0333 -0.598851
46.1814  -1.17045 -0.244676
46.4956  -1.18955 0.135105
46.8097  -1.08841 0.502147
47.1239  -0.876943 0.819301
47.438  -0.576277 1.05437
47.7522  -0.216599 1.18338
48.0664  0.16586 1.19303
48.3805  0.532477 1.08205
48.6947  0.846136 0.861371
49.0088  1.07499 0.553042
49.323  1.19568 0.188033
49.6372  1.19575 -0.196881
49.9513  1.07489 -0.562822
50.2655  0.845032 -0.872735
50.5796  0.529154 -1.09514
50.8938  0.158992 -1.20734
51.208  -0.22815 -1.19771
51.5221  -0.593162 -1.06693
51.8363  -0.899075 -0.827928
52.1504  -1.11481 -0.504619
52.4646  -1.21833 -0.129489
52.7788  -1.19888 0.259649
53.0929  -1.05815 0.623476
53.4071  -0.810062 0.925137
53.7212  -0.479447 1.13397
54.0354  -0.0995393 1.22864
54.3496  0.29136 1.19928
54.6637  0.653745 1.04856
54.9779  0.950899 0.791436
55.292  1.15261 0.453646
55.6062  1.23825 0.0691561
55.9203  1.19887 -0.323264
56.2345  1.03815 -0.683948
56.5487  0.772053 -0.976341
56.8628  0.427227 -1.17071
57.177  0.038355 -1.24715
57.4911  -0.355343 -1.19766
57.8053  -0.714063 -1.02692
58.1195  -1.00144 -0.751916
58.4336  -1.18824 -0.400198
58.7478  -1.25533 -0.00715134
59.0619  -1.19563 0.387576
59.3761  -1.01487 0.744069
59.6903  -0.731031 1.02618
60.0044  -0.372572 1.2052
60.3186  0.0244389 1.26277
60.6327  0.419945 1.19278
60.9469  0.773944 1.00199
61.2611  1.05054 0.709401
61.5752  1.22156 0.344358
61.8894  1.26946 -0.0563993
62.2035  1.1891 -0.452429
62.5177  0.988283 -0.803668
62.8319  0.687033 -1.07449
