0  0 0
0.00625  -0.3299 0.00625
0.0125  -0.655078 0.0125
0.01875  0.706092 0.01875
0.025  0.097392 0.025
0.03125  -0.783014 0.03125
0.0375  0.501573 0.0375
0.04375  0.399082 0.04375
0.05  -0.807023 0.05
0.05625  0.218586 0.05625
0.0625  0.639725 0.0625
0.06875  -0.70821 0.06875
0.075  -0.0976841 0.075
0.08125  0.782974 0.08125
0.0875  -0.501578 0.0875
0.09375  -0.399083 0.09375
0.1  0.807023 0.1
0.10625  -0.218586 0.10625
0.1125  -0.639725 0.1125
0.11875  0.70821 0.11875
0.125  0.0976841 0.125
0.13125  -0.782974 0.13125
0.1375  0.501578 0.1375
0.14375  0.399083 0.14375
0.15  -0.807023 0.15
0.15625  0.218586 0.15625
0.1625  0.639725 0.1625
0.16875  -0.70821 0.16875
0.175  -0.0976841 0.175
0.18125  0.782974 0.18125
0.1875  -0.501578 0.1875
0.19375  -0.399083 0.19375
0.2  0.807023 0.2
0.20625  -0.218586 0.20625
0.2125  -0.639725 0.2125
0.21875  0.70821 0.21875
0.225  0.0976841 0.225
0.23125  -0.782974 0.23125
0.2375  0.501578 0.2375
0.24375  0.399083 0.24375
0.25  -0.807023 0.25
0.25625  0.218586 0.25625
0.2625  0.639725 0.2625
0.26875  -0.70821 0.26875
0.275  -0.0976841 0.275
0.28125  0.782974 0.28125
0.2875  -0.501578 0.2875
0.29375  -0.399083 0.29375
0.3  0.807023 0.3
0.30625  -0.218586 0.30625
0.3125  -0.639725 0.3125
0.31875  0.70821 0.31875
0.325  0.0976841 0.325
0.33125  -0.782974 0.33125
0.3375  0.501578 0.3375
0.34375  0.399083 0.34375
0.35  -0.807023 0.35
0.35625  0.218586 0.35625
0.3625  0.639725 0.3625
0.36875  -0.70821 0.36875
0.375  -0.0976841 0.375
0.38125  0.782974 0.38125
0.3875  -0.501578 0.3875
0.39375  -0.399083 0.39375
0.4  0.807023 0.4
0.40625  -0.218586 0.40625
0.4125  -0.639725 0.4125
0.41875  0.70821 0.41875
0.425  0.0976841 0.425
0.43125  -0.782974 0.43125
0.4375  0.501578 0.4375
0.44375  0.399083 0.44375
0.45  -0.807023 0.45
0.45625  0.218586 0.45625
0.4625  0.639725 0.4625
0.46875  -0.70821 0.46875
0.475  -0.0976841 0.475
0.48125  0.782974 0.48125
0.4875  -0.501578 0.4875
0.49375  -0.399083 0.49375
0.5  0.807023 0.5
