0  1 0
0.502655  0.875608 -0.481236
1.00531  0.535102 -0.842748
1.50796  0.0629794 -0.995428
2.01062  -0.42389 -0.901913
2.51327  -0.805195 -0.585732
3.01593  -0.98691 -0.125383
3.51858  -0.924486 0.36515
4.02124  -0.633764 0.764624
4.52389  -0.186965 0.974502
5.02655  0.305257 0.943256
5.5292  0.721214 0.679022
6.03186  0.958271 0.247484
6.53451  0.958168 -0.244456
7.03717  0.721339 -0.675153
7.53982  0.306703 -0.938304
8.04248  -0.182993 -0.969183
8.54513  -0.626636 -0.760562
9.04779  -0.914698 -0.364395
9.55044  -0.976277 0.121118
10.0531  -0.79655 0.575871
10.5558  -0.420336 0.887566
11.0584  0.0590788 0.979441
11.5611  0.523072 0.829176
12.0637  0.857036 0.474313
12.5664  0.978684 0.00287593
