0  1 0
0.502655  0.876305 -0.481752
1.00531  0.535825 -0.844324
1.50796  0.0627907 -0.99802
2.01062  -0.425775 -0.904819
2.51327  -0.809008 -0.58778
3.01593  -0.992101 -0.125333
3.51858  -0.929763 0.368118
4.02124  -0.637414 0.770499
4.52389  -0.187379 0.982267
5.02655  0.309008 0.951036
5.5292  0.728949 0.684532
6.03186  0.968557 0.248686
6.53451  0.968556 -0.24868
7.03717  0.728948 -0.684524
7.53982  0.309009 -0.951024
8.04248  -0.187372 -0.982253
8.54513  -0.637398 -0.770486
9.04779  -0.929738 -0.368113
9.55044  -0.992074 0.125324
10.0531  -0.808984 0.587756
10.5558  -0.425763 0.904783
11.0584  0.0627833 0.997979
11.5611  0.535796 0.844287
12.0637  0.876258 0.481732
12.5664  0.999945 4.77544e-06
