0  1 0
0.502655  0.876328 -0.481715
1.00531  0.535901 -0.844281
1.50796  0.062922 -0.998018
2.01062  -0.42562 -0.904902
2.51327  -0.808888 -0.587963
3.01593  -0.992082 -0.125595
3.51858  -0.92989 0.367839
4.02124  -0.637695 0.770289
4.52389  -0.187769 0.982213
5.02655  0.308599 0.951192
5.5292  0.728638 0.684899
6.03186  0.968452 0.2492
6.53451  0.968725 -0.248137
7.03717  0.729389 -0.684099
7.53982  0.309643 -0.950853
8.04248  -0.186691 -0.982419
8.54513  -0.636849 -0.770989
9.04779  -0.929485 -0.368859
9.55044  -0.992219 0.124506
10.0531  -0.809533 0.587075
10.5558  -0.426613 0.904434
11.0584  0.0618267 0.998087
11.5611  0.534974 0.844868
12.0637  0.875799 0.482677
12.5664  0.999999 0.00109743
