0  1 0
0.0125664  1 -0.0125664
0.0251327  0.999842 -0.0251327
0.0376991  0.999526 -0.0376971
0.0502655  0.999053 -0.0502575
0.0628319  0.998421 -0.062812
0.0753982  0.997632 -0.0753585
0.0879646  0.996685 -0.0878951
0.100531  0.99558 -0.10042
0.113097  0.994318 -0.112931
0.125664  0.992899 -0.125426
0.13823  0.991323 -0.137903
0.150796  0.98959 -0.15036
0.163363  0.987701 -0.162796
0.175929  0.985655 -0.175207
0.188496  0.983453 -0.187594
0.201062  0.981096 -0.199952
0.213628  0.978583 -0.212281
0.226195  0.975915 -0.224578
0.238761  0.973093 -0.236842
0.251327  0.970117 -0.24907
0.263894  0.966987 -0.261261
0.27646  0.963704 -0.273412
0.289027  0.960268 -0.285523
0.301593  0.95668 -0.29759
0.314159  0.952941 -0.309612
0.326726  0.94905 -0.321587
0.339292  0.945009 -0.333513
0.351858  0.940818 -0.345388
0.364425  0.936477 -0.357211
0.376991  0.931989 -0.368979
0.389557  0.927352 -0.380691
0.402124  0.922568 -0.392344
0.41469  0.917638 -0.403937
0.427257  0.912562 -0.415469
0.439823  0.907341 -0.426936
0.452389  0.901976 -0.438338
0.464956  0.896467 -0.449673
0.477522  0.890817 -0.460938
0.490088  0.885024 -0.472133
0.502655  0.879091 -0.483254
0.515221  0.873018 -0.494301
0.527788  0.866807 -0.505272
0.540354  0.860457 -0.516164
0.55292  0.853971 -0.526977
0.565487  0.847349 -0.537709
0.578053  0.840592 -0.548357
0.590619  0.833701 -0.55892
0.603186  0.826677 -0.569397
0.615752  0.819522 -0.579785
0.628319  0.812236 -0.590083
0.640885  0.804821 -0.60029
0.653451  0.797278 -0.610404
0.666018  0.789607 -0.620423
0.678584  0.781811 -0.630345
0.69115  0.77389 -0.64017
0.703717  0.765845 -0.649895
0.716283  0.757678 -0.659519
0.728849  0.74939 -0.66904
0.741416  0.740983 -0.678457
0.753982  0.732457 -0.687768
0.766549  0.723815 -0.696973
0.779115  0.715056 -0.706069
0.791681  0.706183 -0.715054
0.804248  0.697198 -0.723928
0.816814  0.688101 -0.73269
0.82938  0.678893 -0.741337
0.841947  0.669577 -0.749868
0.854513  0.660154 -0.758282
0.86708  0.650625 -0.766578
0.879646  0.640992 -0.774754
0.892212  0.631257 -0.782809
0.904779  0.621419 -0.790741
0.917345  0.611483 -0.79855
0.929911  0.601448 -0.806234
0.942478  0.591316 -0.813792
0.955044  0.58109 -0.821223
0.967611  0.57077 -0.828525
0.980177  0.560359 -0.835698
0.992743  0.549857 -0.842739
1.00531  0.539267 -0.849649
1.01788  0.52859 -0.856426
1.03044  0.517828 -0.863068
1.04301  0.506982 -0.869575
1.05558  0.496055 -0.875946
1.06814  0.485047 -0.88218
1.08071  0.473961 -0.888275
1.09327  0.462799 -0.894231
1.10584  0.451562 -0.900047
1.11841  0.440251 -0.905721
1.13097  0.42887 -0.911254
1.14354  0.417419 -0.916643
1.15611  0.4059 -0.921888
1.16867  0.394315 -0.926989
1.18124  0.382666 -0.931944
1.19381  0.370955 -0.936753
1.20637  0.359183 -0.941415
1.21894  0.347353 -0.945928
1.2315  0.335466 -0.950293
1.24407  0.323524 -0.954509
1.25664  0.31153 -0.958574
1.2692  0.299484 -0.962489
1.28177  0.287389 -0.966253
1.29434  0.275247 -0.969864
1.3069  0.263059 -0.973323
1.31947  0.250828 -0.976628
1.33204  0.238555 -0.97978
1.3446  0.226243 -0.982778
1.35717  0.213893 -0.985621
1.36973  0.201507 -0.988309
1.3823  0.189088 -0.990841
1.39487  0.176637 -0.993218
1.40743  0.164155 -0.995437
1.42  0.151646 -0.9975
1.43257  0.139111 -0.999406
1.44513  0.126553 -1.00115
1.4577  0.113972 -1.00274
1.47027  0.101371 -1.00418
1.48283  0.0887519 -1.00545
1.4954  0.0761171 -1.00657
1.50796  0.0634682 -1.00752
1.52053  0.0508073 -1.00832
1.5331  0.0381364 -1.00896
1.54566  0.0254574 -1.00944
1.55823  0.0127725 -1.00976
1.5708  8.34955e-05 -1.00992
1.58336  -0.0126075 -1.00992
1.59593  -0.0252985 -1.00976
1.6085  -0.0379875 -1.00944
1.62106  -0.0506726 -1.00897
1.63363  -0.0633516 -1.00833
1.64619  -0.0760226 -1.00753
1.65876  -0.0886836 -1.00658
1.67133  -0.101333 -1.00546
1.68389  -0.113968 -1.00419
1.69646  -0.126587 -1.00276
1.70903  -0.139188 -1.00117
1.72159  -0.151769 -0.999417
1.73416  -0.164328 -0.99751
1.74673  -0.176863 -0.995445
1.75929  -0.189372 -0.993222
1.77186  -0.201853 -0.990843
1.78442  -0.214304 -0.988306
1.79699  -0.226724 -0.985613
1.80956  -0.239109 -0.982764
1.82212  -0.251459 -0.979759
1.83469  -0.263771 -0.976599
1.84726  -0.276044 -0.973285
1.85982  -0.288274 -0.969816
1.87239  -0.300461 -0.966193
1.88496  -0.312603 -0.962417
1.89752  -0.324697 -0.958489
1.91009  -0.336742 -0.954409
1.92265  -0.348735 -0.950177
1.93522  -0.360675 -0.945795
1.94779  -0.372561 -0.941263
1.96035  -0.384389 -0.936581
1.97292  -0.396158 -0.93175
1.98549  -0.407867 -0.926772
1.99805  -0.419513 -0.921647
2.01062  -0.431095 -0.916375
2.02319  -0.44261 -0.910958
2.03575  -0.454058 -0.905396
2.04832  -0.465435 -0.89969
2.06088  -0.476741 -0.893841
2.07345  -0.487974 -0.88785
2.08602  -0.499131 -0.881718
2.09858  -0.510211 -0.875446
2.11115  -0.521212 -0.869034
2.12372  -0.532132 -0.862485
2.13628  -0.542971 -0.855798
2.14885  -0.553725 -0.848974
2.16142  -0.564394 -0.842016
2.17398  -0.574975 -0.834924
2.18655  -0.585467 -0.827698
2.19911  -0.595868 -0.820341
2.21168  -0.606176 -0.812853
2.22425  -0.616391 -0.805236
2.23681  -0.62651 -0.79749
2.24938  -0.636531 -0.789617
2.26195  -0.646454 -0.781618
2.27451  -0.656276 -0.773495
2.28708  -0.665996 -0.765248
2.29965  -0.675613 -0.756878
2.31221  -0.685124 -0.748388
2.32478  -0.694528 -0.739779
2.33734  -0.703825 -0.731051
2.34991  -0.713011 -0.722207
2.36248  -0.722087 -0.713247
2.37504  -0.73105 -0.704173
2.38761  -0.739899 -0.694986
2.40018  -0.748632 -0.685688
2.41274  -0.757249 -0.676281
2.42531  -0.765747 -0.666765
2.43788  -0.774126 -0.657142
2.45044  -0.782384 -0.647414
2.46301  -0.79052 -0.637582
2.47558  -0.798532 -0.627649
2.48814  -0.806419 -0.617614
2.50071  -0.81418 -0.60748
2.51327  -0.821814 -0.597249
2.52584  -0.829319 -0.586922
2.53841  -0.836695 -0.5765
2.55097  -0.843939 -0.565986
2.56354  -0.851051 -0.555381
2.57611  -0.858031 -0.544686
2.58867  -0.864875 -0.533904
2.60124  -0.871585 -0.523035
2.61381  -0.878157 -0.512083
2.62637  -0.884592 -0.501047
2.63894  -0.890889 -0.489931
2.6515  -0.897045 -0.478736
2.66407  -0.903061 -0.467463
2.67664  -0.908936 -0.456115
2.6892  -0.914667 -0.444693
2.70177  -0.920255 -0.433199
2.71434  -0.925699 -0.421635
2.7269  -0.930998 -0.410002
2.73947  -0.93615 -0.398303
2.75204  -0.941155 -0.386539
2.7646  -0.946012 -0.374712
2.77717  -0.950721 -0.362824
2.78973  -0.955281 -0.350877
2.8023  -0.95969 -0.338873
2.81487  -0.963948 -0.326813
2.82743  -0.968055 -0.314699
2.84  -0.97201 -0.302535
2.85257  -0.975811 -0.29032
2.86513  -0.97946 -0.278057
2.8777  -0.982954 -0.265749
2.89027  -0.986293 -0.253397
2.90283  -0.989478 -0.241003
2.9154  -0.992506 -0.228569
2.92796  -0.995379 -0.216097
2.94053  -0.998094 -0.203588
2.9531  -1.00065 -0.191046
2.96566  -1.00305 -0.178471
2.97823  -1.0053 -0.165867
2.9908  -1.00738 -0.153234
3.00336  -1.00931 -0.140575
3.01593  -1.01107 -0.127891
3.0285  -1.01268 -0.115186
3.04106  -1.01413 -0.10246
3.05363  -1.01541 -0.0897161
3.06619  -1.01654 -0.076956
3.07876  -1.01751 -0.0641818
3.09133  -1.01832 -0.0513954
3.10389  -1.01896 -0.0385988
3.11646  -1.01945 -0.0257942
3.12903  -1.01977 -0.0129835
3.14159  -1.01993 -0.000168647
3.15416  -1.01994 0.0126482
3.16673  -1.01978 0.0254651
3.17929  -1.01946 0.03828
3.19186  -1.01898 0.0510909
3.20442  -1.01833 0.0638957
3.21699  -1.01753 0.0766925
3.22956  -1.01657 0.0894791
3.24212  -1.01544 0.102254
3.25469  -1.01416 0.115014
3.26726  -1.01271 0.127758
3.27982  -1.01111 0.140485
3.29239  -1.00934 0.15319
3.30496  -1.00742 0.165874
3.31752  -1.00533 0.178534
3.33009  -1.00309 0.191167
3.34265  -1.00069 0.203772
3.35522  -0.998126 0.216347
3.36779  -0.995407 0.22889
3.38035  -0.992531 0.241399
3.39292  -0.989497 0.253871
3.40549  -0.986307 0.266306
3.41805  -0.98296 0.2787
3.43062  -0.979458 0.291052
3.44319  -0.975801 0.30336
3.45575  -0.971989 0.315623
3.46832  -0.968022 0.327837
3.48088  -0.963903 0.340002
3.49345  -0.95963 0.352114
3.50602  -0.955205 0.364173
3.51858  -0.950629 0.376177
3.53115  -0.945902 0.388123
3.54372  -0.941024 0.400009
3.55628  -0.935998 0.411835
3.56885  -0.930822 0.423597
3.58142  -0.925499 0.435294
3.59398  -0.920029 0.446924
3.60655  -0.914413 0.458485
3.61911  -0.908652 0.469976
3.63168  -0.902746 0.481395
3.64425  -0.896696 0.492739
3.65681  -0.890504 0.504007
3.66938  -0.884171 0.515198
3.68195  -0.877697 0.526308
3.69451  -0.871083 0.537338
3.70708  -0.86433 0.548284
3.71965  -0.857441 0.559146
3.73221  -0.850414 0.569921
3.74478  -0.843252 0.580607
3.75734  -0.835956 0.591204
3.76991  -0.828527 0.601709
3.78248  -0.820966 0.61212
3.79504  -0.813273 0.622437
3.80761  -0.805452 0.632657
3.82018  -0.797501 0.642778
3.83274  -0.789424 0.6528
3.84531  -0.781221 0.66272
3.85788  -0.772893 0.672537
3.87044  -0.764441 0.68225
3.88301  -0.755868 0.691856
3.89557  -0.747174 0.701355
3.90814  -0.73836 0.710744
3.92071  -0.729429 0.720022
3.93327  -0.720381 0.729189
3.94584  -0.711218 0.738241
3.95841  -0.701941 0.747179
3.97097  -0.692551 0.756
3.98354  -0.683051 0.764702
3.99611  -0.673442 0.773286
4.00867  -0.663724 0.781749
4.02124  -0.6539 0.790089
4.0338  -0.643972 0.798306
4.04637  -0.63394 0.806399
4.05894  -0.623807 0.814365
4.0715  -0.613573 0.822204
4.08407  -0.603241 0.829914
4.09664  -0.592812 0.837495
4.1092  -0.582287 0.844945
4.12177  -0.57167 0.852262
4.13434  -0.56096 0.859446
4.1469  -0.55016 0.866495
4.15947  -0.539271 0.873408
4.17204  -0.528295 0.880185
4.1846  -0.517235 0.886824
4.19717  -0.50609 0.893324
4.20973  -0.494865 0.899683
4.2223  -0.483559 0.905902
4.23487  -0.472175 0.911978
4.24743  -0.460715 0.917912
4.26  -0.44918 0.923701
4.27257  -0.437572 0.929346
4.28513  -0.425894 0.934845
4.2977  -0.414146 0.940197
4.31027  -0.402331 0.945401
4.32283  -0.390451 0.950457
4.3354  -0.378507 0.955363
4.34796  -0.366502 0.96012
4.36053  -0.354437 0.964725
4.3731  -0.342314 0.969179
4.38566  -0.330134 0.973481
4.39823  -0.317901 0.97763
4.4108  -0.305616 0.981625
4.42336  -0.293281 0.985465
4.43593  -0.280897 0.989151
4.4485  -0.268467 0.99268
4.46106  -0.255993 0.996054
4.47363  -0.243476 0.999271
4.48619  -0.230919 1.00233
4.49876  -0.218323 1.00523
4.51133  -0.205691 1.00798
4.52389  -0.193024 1.01056
4.53646  -0.180325 1.01299
4.54903  -0.167595 1.01525
4.56159  -0.154837 1.01736
4.57416  -0.142053 1.0193
4.58673  -0.129244 1.02109
4.59929  -0.116413 1.02271
4.61186  -0.103561 1.02418
4.62442  -0.0906907 1.02548
4.63699  -0.0778041 1.02662
4.64956  -0.0649033 1.02759
4.66212  -0.0519901 1.02841
4.67469  -0.0390667 1.02906
4.68726  -0.0261351 1.02955
4.69982  -0.0131974 1.02988
4.71239  -0.00025548 1.03005
4.72496  0.0126885 1.03005
4.73752  0.0256325 1.02989
4.75009  0.0385745 1.02957
4.76265  0.0515125 1.02909
4.77522  0.0644444 1.02844
4.78779  0.0773681 1.02763
4.80035  0.0902817 1.02666
4.81292  0.103183 1.02552
4.82549  0.11607 1.02423
4.83805  0.128941 1.02277
4.85062  0.141793 1.02115
4.86319  0.154625 1.01936
4.87575  0.167435 1.01742
4.88832  0.180221 1.01532
4.90088  0.192979 1.01305
4.91345  0.20571 1.01063
4.92602  0.21841 1.00804
4.93858  0.231077 1.0053
4.95115  0.24371 1.00239
4.96372  0.256307 0.999332
4.97628  0.268865 0.996111
4.98885  0.281382 0.992732
5.00142  0.293857 0.989196
5.01398  0.306288 0.985504
5.02655  0.318672 0.981655
5.03911  0.331008 0.97765
5.05168  0.343293 0.973491
5.06425  0.355526 0.969177
5.07681  0.367705 0.964709
5.08938  0.379828 0.960088
5.10195  0.391893 0.955315
5.11451  0.403898 0.950391
5.12708  0.415841 0.945315
5.13965  0.42772 0.940089
5.15221  0.439534 0.934714
5.16478  0.45128 0.929191
5.17734  0.462956 0.92352
5.18991  0.474562 0.917703
5.20248  0.486094 0.911739
5.21504  0.497551 0.905631
5.22761  0.508931 0.899378
5.24018  0.520233 0.892983
5.25274  0.531455 0.886445
5.26531  0.542594 0.879767
5.27788  0.55365 0.872948
5.29044  0.56462 0.865991
5.30301  0.575502 0.858896
5.31557  0.586295 0.851664
5.32814  0.596997 0.844296
5.34071  0.607607 0.836794
5.35327  0.618123 0.829159
5.36584  0.628542 0.821391
5.37841  0.638864 0.813493
5.39097  0.649087 0.805464
5.40354  0.659209 0.797308
5.41611  0.669228 0.789024
5.42867  0.679143 0.780614
5.44124  0.688952 0.77208
5.4538  0.698655 0.763422
5.46637  0.708248 0.754643
5.47894  0.717731 0.745743
5.4915  0.727103 0.736723
5.50407  0.73636 0.727586
5.51664  0.745504 0.718333
5.5292  0.75453 0.708965
5.54177  0.76344 0.699483
5.55434  0.772229 0.689889
5.5669  0.780899 0.680185
5.57947  0.789446 0.670372
5.59203  0.79787 0.660452
5.6046  0.80617 0.650425
5.61717  0.814343 0.640295
5.62973  0.82239 0.630061
5.6423  0.830307 0.619727
5.65487  0.838095 0.609293
5.66743  0.845752 0.598761
5.68  0.853276 0.588133
5.69257  0.860666 0.57741
5.70513  0.867922 0.566595
5.7177  0.875042 0.555688
5.73027  0.882025 0.544692
5.74283  0.88887 0.533608
5.7554  0.895576 0.522438
5.76796  0.902141 0.511184
5.78053  0.908565 0.499848
5.7931  0.914846 0.48843
5.80566  0.920984 0.476934
5.81823  0.926977 0.465361
5.8308  0.932825 0.453712
5.84336  0.938526 0.44199
5.85593  0.944081 0.430196
5.8685  0.949487 0.418332
5.88106  0.954744 0.406401
5.89363  0.959851 0.394403
5.90619  0.964807 0.382341
5.91876  0.969611 0.370217
5.93133  0.974264 0.358032
5.94389  0.978763 0.345789
5.95646  0.983108 0.33349
5.96903  0.987299 0.321136
5.98159  0.991334 0.308729
5.99416  0.995214 0.296272
6.00673  0.998937 0.283765
6.01929  1.0025 0.271212
6.03186  1.00591 0.258615
6.04442  1.00916 0.245974
6.05699  1.01225 0.233292
6.06956  1.01518 0.220572
6.08212  1.01796 0.207815
6.09469  1.02057 0.195023
6.10726  1.02302 0.182198
6.11982  1.02531 0.169342
6.13239  1.02744 0.156458
6.14496  1.0294 0.143547
6.15752  1.03121 0.130611
6.17009  1.03285 0.117653
6.18265  1.03433 0.104673
6.19522  1.03564 0.0916757
6.20779  1.03679 0.0786615
6.22035  1.03778 0.0656328
6.23292  1.03861 0.0525916
6.24549  1.03927 0.0395401
6.25805  1.03976 0.0264803
6.27062  1.0401 0.0134143
6.28319  1.04026 0.000344018
6.29575  1.04027 -0.0127283
6.30832  1.04011 -0.0258007
6.32088  1.03978 -0.0388711
6.33345  1.0393 -0.0519375
6.34602  1.03864 -0.0649976
6.35858  1.03783 -0.0780496
6.37115  1.03685 -0.0910913
6.38372  1.0357 -0.104121
6.39628  1.03439 -0.117136
6.40885  1.03292 -0.130134
6.42142  1.03129 -0.143114
6.43398  1.02949 -0.156074
6.44655  1.02753 -0.169011
6.45911  1.0254 -0.181923
6.47168  1.02312 -0.194809
6.48425  1.02067 -0.207666
6.49681  1.01806 -0.220492
6.50938  1.01529 -0.233285
6.52195  1.01236 -0.246043
6.53451  1.00926 -0.258765
6.54708  1.00601 -0.271448
6.55965  1.0026 -0.28409
6.57221  0.999031 -0.296689
6.58478  0.995303 -0.309243
6.59734  0.991417 -0.32175
6.60991  0.987374 -0.334209
6.62248  0.983174 -0.346617
6.63504  0.978818 -0.358972
6.64761  0.974307 -0.371272
6.66018  0.969642 -0.383515
6.67274  0.964822 -0.3957
6.68531  0.95985 -0.407824
6.69788  0.954725 -0.419886
6.71044  0.949449 -0.431884
6.72301  0.944021 -0.443815
6.73557  0.938444 -0.455678
6.74814  0.932718 -0.467471
6.76071  0.926844 -0.479191
6.77327  0.920822 -0.490839
6.78584  0.914654 -0.50241
6.79841  0.90834 -0.513904
6.81097  0.901882 -0.525318
6.82354  0.895281 -0.536652
6.83611  0.888537 -0.547902
6.84867  0.881652 -0.559068
6.86124  0.874627 -0.570147
6.8738  0.867462 -0.581138
6.88637  0.860159 -0.592039
6.89894  0.85272 -0.602848
6.9115  0.845144 -0.613563
6.92407  0.837434 -0.624184
6.93664  0.82959 -0.634707
6.9492  0.821614 -0.645132
6.96177  0.813507 -0.655457
6.97434  0.80527 -0.66568
6.9869  0.796905 -0.675799
6.99947  0.788413 -0.685813
7.01203  0.779795 -0.695721
7.0246  0.771052 -0.70552
7.03717  0.762186 -0.715209
7.04973  0.753198 -0.724787
7.0623  0.744091 -0.734252
7.07487  0.734864 -0.743603
7.08743  0.725519 -0.752837
7.1  0.716059 -0.761954
7.11257  0.706484 -0.770953
7.12513  0.696796 -0.779831
7.1377  0.686996 -0.788587
7.15026  0.677086 -0.79722
7.16283  0.667068 -0.805728
7.1754  0.656943 -0.814111
7.18796  0.646713 -0.822366
7.20053  0.636379 -0.830493
7.2131  0.625942 -0.83849
7.22566  0.615406 -0.846356
7.23823  0.60477 -0.854089
7.2508  0.594037 -0.861689
7.26336  0.583209 -0.869154
7.27593  0.572287 -0.876483
7.28849  0.561273 -0.883674
7.30106  0.550168 -0.890728
7.31363  0.538975 -0.897641
7.32619  0.527695 -0.904414
7.33876  0.516329 -0.911045
7.35133  0.504881 -0.917534
7.36389  0.493351 -0.923878
7.37646  0.481741 -0.930078
7.38903  0.470053 -0.936132
7.40159  0.45829 -0.942039
7.41416  0.446452 -0.947798
7.42673  0.434541 -0.953408
7.43929  0.42256 -0.958868
7.45186  0.410511 -0.964179
7.46442  0.398395 -0.969337
7.47699  0.386214 -0.974344
7.48956  0.37397 -0.979197
7.50212  0.361665 -0.983896
7.51469  0.349301 -0.988441
7.52726  0.336879 -0.992831
7.53982  0.324403 -0.997064
7.55239  0.311874 -1.00114
7.56496  0.299293 -1.00506
7.57752  0.286663 -1.00882
7.59009  0.273986 -1.01242
7.60265  0.261263 -1.01587
7.61522  0.248498 -1.01915
7.62779  0.235691 -1.02227
7.64035  0.222844 -1.02523
7.65292  0.209961 -1.02803
7.66549  0.197042 -1.03067
7.67805  0.18409 -1.03315
7.69062  0.171108 -1.03546
7.70319  0.158096 -1.03761
7.71575  0.145057 -1.0396
7.72832  0.131993 -1.04142
7.74088  0.118906 -1.04308
7.75345  0.105798 -1.04457
7.76602  0.0926714 -1.0459
7.77858  0.0795282 -1.04707
7.79115  0.0663703 -1.04807
7.80372  0.0531999 -1.0489
7.81628  0.040019 -1.04957
7.82885  0.0268297 -1.05007
7.84142  0.0136341 -1.05041
7.85398  0.000434287 -1.05058
7.86655  -0.0127677 -1.05059
7.87911  -0.0259698 -1.05043
7.89168  -0.0391698 -1.0501
7.90425  -0.0523658 -1.04961
7.91681  -0.0655555 -1.04895
7.92938  -0.078737 -1.04813
7.94195  -0.0919082 -1.04714
7.95451  -0.105067 -1.04598
7.96708  -0.118211 -1.04466
7.97965  -0.131339 -1.04318
7.99221  -0.144448 -1.04153
8.00478  -0.157536 -1.03971
8.01734  -0.170601 -1.03773
8.02991  -0.183642 -1.03559
8.04248  -0.196655 -1.03328
8.05504  -0.20964 -1.03081
8.06761  -0.222593 -1.02817
8.08018  -0.235514 -1.02538
8.09274  -0.248399 -1.02242
8.10531  -0.261247 -1.0193
8.11788  -0.274056 -1.01601
8.13044  -0.286824 -1.01257
8.14301  -0.299548 -1.00896
8.15557  -0.312227 -1.0052
8.16814  -0.324859 -1.00128
8.18071  -0.337441 -0.997194
8.19327  -0.349972 -0.992954
8.20584  -0.36245 -0.988556
8.21841  -0.374873 -0.984001
8.23097  -0.387238 -0.97929
8.24354  -0.399544 -0.974424
8.25611  -0.411789 -0.969403
8.26867  -0.423971 -0.964229
8.28124  -0.436088 -0.958901
8.2938  -0.448138 -0.953421
8.30637  -0.460119 -0.947789
8.31894  -0.472029 -0.942007
8.3315  -0.483867 -0.936076
8.34407  -0.49563 -0.929995
8.35664  -0.507316 -0.923767
8.3692  -0.518925 -0.917392
8.38177  -0.530453 -0.910871
8.39434  -0.541899 -0.904205
8.4069  -0.553262 -0.897395
8.41947  -0.564539 -0.890443
8.43203  -0.575729 -0.883349
8.4446  -0.586829 -0.876114
8.45717  -0.597839 -0.86874
8.46973  -0.608755 -0.861227
8.4823  -0.619578 -0.853577
8.49487  -0.630304 -0.845791
8.50743  -0.640933 -0.837871
8.52  -0.651462 -0.829816
8.53257  -0.66189 -0.82163
8.54513  -0.672215 -0.813312
8.5577  -0.682435 -0.804865
8.57026  -0.692549 -0.796289
8.58283  -0.702556 -0.787586
8.5954  -0.712453 -0.778758
8.60796  -0.722239 -0.769805
8.62053  -0.731913 -0.760729
8.6331  -0.741472 -0.751532
8.64566  -0.750916 -0.742214
8.65823  -0.760243 -0.732778
8.6708  -0.769451 -0.723224
8.68336  -0.77854 -0.713555
8.69593  -0.787507 -0.703771
8.70849  -0.79635 -0.693875
8.72106  -0.80507 -0.683868
8.73363  -0.813664 -0.673751
8.74619  -0.82213 -0.663527
8.75876  -0.830468 -0.653195
8.77133  -0.838677 -0.642759
8.78389  -0.846754 -0.63222
8.79646  -0.854699 -0.62158
8.80903  -0.86251 -0.610839
8.82159  -0.870186 -0.600001
8.83416  -0.877725 -0.589065
8.84672  -0.885128 -0.578036
8.85929  -0.892392 -0.566913
8.87186  -0.899516 -0.555699
8.88442  -0.906499 -0.544395
8.89699  -0.91334 -0.533004
8.90956  -0.920038 -0.521526
8.92212  -0.926591 -0.509965
8.93469  -0.933 -0.498321
8.94726  -0.939262 -0.486596
8.95982  -0.945377 -0.474793
8.97239  -0.951343 -0.462913
8.98495  -0.95716 -0.450958
8.99752  -0.962827 -0.43893
9.01009  -0.968343 -0.426831
9.02265  -0.973707 -0.414663
9.03522  -0.978917 -0.402427
9.04779  -0.983974 -0.390125
9.06035  -0.988877 -0.37776
9.07292  -0.993624 -0.365334
9.08549  -0.998215 -0.352847
9.09805  -1.00265 -0.340303
9.11062  -1.00693 -0.327704
9.12319  -1.01104 -0.31505
9.13575  -1.015 -0.302345
9.14832  -1.0188 -0.28959
9.16088  -1.02244 -0.276788
9.17345  -1.02592 -0.263939
9.18602  -1.02924 -0.251047
9.19858  -1.03239 -0.238113
9.21115  -1.03538 -0.22514
9.22372  -1.03821 -0.212129
9.23628  -1.04088 -0.199083
9.24885  -1.04338 -0.186002
9.26142  -1.04572 -0.172891
9.27398  -1.04789 -0.15975
9.28655  -1.0499 -0.146582
9.29911  -1.05174 -0.133389
9.31168  -1.05342 -0.120172
9.32425  -1.05493 -0.106934
9.33681  -1.05627 -0.0936778
9.34938  -1.05745 -0.0804043
9.36195  -1.05846 -0.0671161
9.37451  -1.0593 -0.0538151
9.38708  -1.05998 -0.0405036
9.39965  -1.06049 -0.0271835
9.41221  -1.06083 -0.0138571
9.42478  -1.061 -0.000526313
9.43734  -1.06101 0.0128066
9.44991  -1.06085 0.0261396
9.46248  -1.06052 0.0394706
9.47504  -1.06002 0.0527975
9.48761  -1.05936 0.0661181
9.50018  -1.05853 0.0794304
9.51274  -1.05753 0.0927323
9.52531  -1.05636 0.106022
9.53788  -1.05503 0.119296
9.55044  -1.05353 0.132554
9.56301  -1.05187 0.145793
9.57557  -1.05004 0.159011
9.58814  -1.04804 0.172207
9.60071  -1.04587 0.185377
9.61327  -1.04354 0.198519
9.62584  -1.04105 0.211633
9.63841  -1.03839 0.224715
9.65097  -1.03557 0.237764
9.66354  -1.03258 0.250777
9.67611  -1.02943 0.263753
9.68867  -1.02611 0.276689
9.70124  -1.02263 0.289584
9.7138  -1.019 0.302434
9.72637  -1.0152 0.31524
9.73894  -1.01123 0.327997
9.7515  -1.00711 0.340704
9.76407  -1.00283 0.35336
9.77664  -0.99839 0.365962
9.7892  -0.993792 0.378508
9.80177  -0.989035 0.390997
9.81434  -0.984122 0.403425
9.8269  -0.979052 0.415792
9.83947  -0.973827 0.428095
9.85203  -0.968447 0.440333
9.8646  -0.962914 0.452502
9.87717  -0.957228 0.464603
9.88973  -0.951389 0.476632
9.9023  -0.9454 0.488587
9.91487  -0.93926 0.500467
9.92743  -0.932971 0.512271
9.94  -0.926534 0.523995
9.95257  -0.919949 0.535638
9.96513  -0.913218 0.547198
9.9777  -0.906342 0.558674
9.99026  -0.899321 0.570063
10.0028  -0.892158 0.581365
10.0154  -0.884852 0.592576
10.028  -0.877405 0.603695
10.0405  -0.869819 0.614721
10.0531  -0.862094 0.625651
10.0657  -0.854232 0.636485
10.0782  -0.846234 0.647219
10.0908  -0.838101 0.657854
10.1034  -0.829834 0.668385
10.1159  -0.821435 0.678813
10.1285  -0.812904 0.689136
10.1411  -0.804244 0.699351
10.1536  -0.795456 0.709458
10.1662  -0.786541 0.719454
10.1788  -0.7775 0.729338
10.1913  -0.768335 0.739108
10.2039  -0.759047 0.748763
10.2165  -0.749638 0.758302
10.229  -0.740109 0.767722
10.2416  -0.730461 0.777022
10.2542  -0.720697 0.786201
10.2667  -0.710817 0.795258
10.2793  -0.700823 0.80419
10.2919  -0.690718 0.812997
10.3044  -0.680501 0.821677
10.317  -0.670176 0.830228
10.3296  -0.659743 0.83865
10.3421  -0.649204 0.846941
10.3547  -0.638561 0.855099
10.3673  -0.627816 0.863123
10.3798  -0.616969 0.871013
10.3924  -0.606024 0.878766
10.405  -0.594981 0.886381
10.4175  -0.583842 0.893858
10.4301  -0.57261 0.901195
10.4427  -0.561285 0.90839
10.4552  -0.54987 0.915444
10.4678  -0.538366 0.922354
10.4804  -0.526775 0.929119
10.4929  -0.5151 0.935739
10.5055  -0.503341 0.942211
10.5181  -0.491501 0.948537
10.5306  -0.479581 0.954713
10.5432  -0.467584 0.96074
10.5558  -0.455511 0.966615
10.5683  -0.443364 0.97234
10.5809  -0.431145 0.977911
10.5935  -0.418856 0.983329
10.606  -0.4065 0.988592
10.6186  -0.394076 0.993701
10.6311  -0.381589 0.998653
10.6437  -0.36904 1.00345
10.6563  -0.35643 1.00809
10.6688  -0.343762 1.01256
10.6814  -0.331038 1.01688
10.694  -0.318259 1.02104
10.7065  -0.305429 1.02504
10.7191  -0.292547 1.02888
10.7317  -0.279618 1.03256
10.7442  -0.266643 1.03607
10.7568  -0.253623 1.03942
10.7694  -0.240561 1.04261
10.7819  -0.227459 1.04563
10.7945  -0.21432 1.04849
10.8071  -0.201144 1.05118
10.8196  -0.187934 1.05371
10.8322  -0.174693 1.05607
10.8448  -0.161422 1.05827
10.8573  -0.148123 1.0603
10.8699  -0.134799 1.06216
10.8825  -0.121452 1.06385
10.895  -0.108083 1.06538
10.9076  -0.0946951 1.06674
10.9202  -0.0812901 1.06793
10.9327  -0.0678701 1.06895
10.9453  -0.0544373 1.0698
10.9579  -0.0409938 1.07049
10.9704  -0.0275417 1.071
10.983  -0.0140831 1.07135
10.9956  -0.000620122 1.07152
11.0081  0.012845 1.07153
11.0207  0.0263103 1.07137
11.0333  0.0397735 1.07104
11.0458  0.0532326 1.07054
11.0584  0.0666854 1.06987
11.071  0.0801298 1.06903
11.0835  0.0935637 1.06803
11.0961  0.106985 1.06685
11.1087  0.120391 1.06551
11.1212  0.133781 1.06399
11.1338  0.147151 1.06231
11.1464  0.160501 1.06046
11.1589  0.173827 1.05845
11.1715  0.187128 1.05626
11.1841  0.200401 1.05391
11.1966  0.213645 1.05139
11.2092  0.226857 1.04871
11.2218  0.240036 1.04586
11.2343  0.253178 1.04284
11.2469  0.266283 1.03966
11.2595  0.279348 1.03631
11.272  0.29237 1.0328
11.2846  0.305349 1.02913
11.2972  0.318281 1.02529
11.3097  0.331165 1.02129
11.3223  0.343999 1.01713
11.3349  0.356781 1.01281
11.3474  0.369508 1.00832
11.36  0.382179 1.00368
11.3726  0.394792 0.998877
11.3851  0.407344 0.993916
11.3977  0.419834 0.988797
11.4103  0.43226 0.983521
11.4228  0.444619 0.978089
11.4354  0.45691 0.972502
11.448  0.469131 0.96676
11.4605  0.481279 0.960865
11.4731  0.493354 0.954817
11.4857  0.505352 0.948617
11.4982  0.517273 0.942267
11.5108  0.529114 0.935766
11.5234  0.540873 0.929117
11.5359  0.552549 0.922321
11.5485  0.564139 0.915377
11.5611  0.575642 0.908288
11.5736  0.587056 0.901054
11.5862  0.598379 0.893677
11.5988  0.609609 0.886158
11.6113  0.620745 0.878497
11.6239  0.631785 0.870696
11.6365  0.642726 0.862757
11.649  0.653568 0.854681
11.6616  0.664308 0.846468
11.6742  0.674945 0.83812
11.6867  0.685477 0.829638
11.6993  0.695903 0.821024
11.7119  0.70622 0.812279
11.7244  0.716427 0.803404
11.737  0.726523 0.794402
11.7496  0.736506 0.785272
11.7621  0.746374 0.776017
11.7747  0.756126 0.766637
11.7873  0.76576 0.757136
11.7998  0.775274 0.747513
11.8124  0.784668 0.73777
11.825  0.793939 0.72791
11.8375  0.803086 0.717933
11.8501  0.812108 0.707841
11.8627  0.821003 0.697636
11.8752  0.829769 0.687319
11.8878  0.838406 0.676892
11.9004  0.846913 0.666356
11.9129  0.855286 0.655713
11.9255  0.863526 0.644966
11.9381  0.871631 0.634114
11.9506  0.8796 0.623161
11.9632  0.88743 0.612108
11.9758  0.895122 0.600956
11.9883  0.902674 0.589707
12.0009  0.910085 0.578364
12.0135  0.917353 0.566928
12.026  0.924477 0.5554
12.0386  0.931456 0.543782
12.0511  0.93829 0.532077
12.0637  0.944976 0.520286
12.0763  0.951514 0.508412
12.0888  0.957903 0.496455
12.1014  0.964141 0.484417
12.114  0.970229 0.472301
12.1265  0.976164 0.460109
12.1391  0.981946 0.447842
12.1517  0.987574 0.435503
12.1642  0.993046 0.423093
12.1768  0.998363 0.410614
12.1894  1.00352 0.398068
12.2019  1.00853 0.385457
12.2145  1.01337 0.372784
12.2271  1.01805 0.360049
12.2396  1.02258 0.347256
12.2522  1.02694 0.334406
12.2648  1.03114 0.321501
12.2773  1.03518 0.308543
12.2899  1.03906 0.295535
12.3025  1.04278 0.282478
12.315  1.04632 0.269374
12.3276  1.04971 0.256225
12.3402  1.05293 0.243034
12.3527  1.05598 0.229803
12.3653  1.05887 0.216533
12.3779  1.06159 0.203227
12.3904  1.06415 0.189886
12.403  1.06653 0.176514
12.4156  1.06875 0.163111
12.4281  1.0708 0.149681
12.4407  1.07268 0.136225
12.4533  1.07439 0.122745
12.4658  1.07594 0.109244
12.4784  1.07731 0.0957233
12.491  1.07851 0.0821854
12.5035  1.07954 0.0686325
12.5161  1.08041 0.0550665
12.5287  1.0811 0.0414897
12.5412  1.08162 0.0279042
12.5538  1.08197 0.0143122
12.5664  1.08215 0.000715739
