0  1 0
0.0251327  1 -0.0251327
0.0502655  0.999368 -0.0502655
0.0753982  0.998105 -0.0753823
0.100531  0.99621 -0.100467
0.125664  0.993685 -0.125505
0.150796  0.990531 -0.150479
0.175929  0.986749 -0.175374
0.201062  0.982342 -0.200173
0.226195  0.977311 -0.224862
0.251327  0.971659 -0.249425
0.27646  0.965391 -0.273845
0.301593  0.958508 -0.298108
0.326726  0.951016 -0.322198
0.351858  0.942918 -0.3461
0.376991  0.93422 -0.369798
0.402124  0.924926 -0.393277
0.427257  0.915041 -0.416523
0.452389  0.904573 -0.439521
0.477522  0.893527 -0.462255
0.502655  0.881909 -0.484712
0.527788  0.869727 -0.506877
0.55292  0.856988 -0.528735
0.578053  0.843699 -0.550274
0.603186  0.829869 -0.571478
0.628319  0.815506 -0.592335
0.653451  0.800619 -0.612831
0.678584  0.785217 -0.632953
0.703717  0.769309 -0.652688
0.728849  0.752906 -0.672022
0.753982  0.736016 -0.690945
0.779115  0.71865 -0.709443
0.804248  0.70082 -0.727505
0.82938  0.682536 -0.745118
0.854513  0.663809 -0.762272
0.879646  0.644651 -0.778956
0.904779  0.625074 -0.795158
0.929911  0.605089 -0.810867
0.955044  0.58471 -0.826075
0.980177  0.563948 -0.84077
1.00531  0.542818 -0.854944
1.03044  0.521331 -0.868586
1.05558  0.499501 -0.881689
1.08071  0.477341 -0.894243
1.10584  0.454867 -0.906239
1.13097  0.43209 -0.917672
1.15611  0.409027 -0.928531
1.18124  0.38569 -0.938811
1.20637  0.362095 -0.948505
1.2315  0.338257 -0.957605
1.25664  0.314189 -0.966106
1.28177  0.289909 -0.974003
1.3069  0.265429 -0.981289
1.33204  0.240767 -0.98796
1.35717  0.215937 -0.994011
1.3823  0.190954 -0.999438
1.40743  0.165836 -1.00424
1.43257  0.140597 -1.00841
1.4577  0.115253 -1.01194
1.48283  0.0898197 -1.01484
1.50796  0.0643142 -1.01709
1.5331  0.0387518 -1.01871
1.55823  0.0131489 -1.01968
1.58336  -0.0124786 -1.02001
1.6085  -0.0381143 -1.0197
1.63363  -0.0637422 -1.01874
1.65876  -0.0893459 -1.01714
1.68389  -0.114909 -1.01489
1.70903  -0.140417 -1.01201
1.73416  -0.165851 -1.00848
1.75929  -0.191197 -1.00431
1.78442  -0.216438 -0.999504
1.80956  -0.241558 -0.994064
1.83469  -0.266542 -0.987993
1.85982  -0.291373 -0.981294
1.88496  -0.316035 -0.973971
1.91009  -0.340514 -0.966029
1.93522  -0.364793 -0.95747
1.96035  -0.388857 -0.948302
1.98549  -0.41269 -0.938529
2.01062  -0.436278 -0.928157
2.03575  -0.459605 -0.917192
2.06088  -0.482657 -0.905641
2.08602  -0.505418 -0.893511
2.11115  -0.527874 -0.880808
2.13628  -0.550011 -0.867541
2.16142  -0.571815 -0.853718
2.18655  -0.593271 -0.839347
2.21168  -0.614366 -0.824436
2.23681  -0.635087 -0.808995
2.26195  -0.655419 -0.793034
2.28708  -0.67535 -0.776561
2.31221  -0.694867 -0.759588
2.33734  -0.713958 -0.742124
2.36248  -0.732609 -0.72418
2.38761  -0.75081 -0.705768
2.41274  -0.768548 -0.686898
2.43788  -0.785812 -0.667582
2.46301  -0.80259 -0.647833
2.48814  -0.818872 -0.627661
2.51327  -0.834646 -0.607081
2.53841  -0.849904 -0.586104
2.56354  -0.864634 -0.564744
2.58867  -0.878828 -0.543013
2.61381  -0.892475 -0.520926
2.63894  -0.905568 -0.498495
2.66407  -0.918096 -0.475736
2.6892  -0.930053 -0.452662
2.71434  -0.941429 -0.429287
2.73947  -0.952219 -0.405626
2.7646  -0.962413 -0.381694
2.78973  -0.972006 -0.357506
2.81487  -0.980991 -0.333077
2.84  -0.989362 -0.308422
2.86513  -0.997114 -0.283557
2.89027  -1.00424 -0.258496
2.9154  -1.01074 -0.233257
2.94053  -1.0166 -0.207854
2.96566  -1.02182 -0.182305
2.9908  -1.02641 -0.156623
3.01593  -1.03034 -0.130827
3.04106  -1.03363 -0.104932
3.06619  -1.03627 -0.0789537
3.09133  -1.03825 -0.0529094
3.11646  -1.03958 -0.0268154
3.14159  -1.04025 -0.000687834
3.16673  -1.04027 0.0254566
3.19186  -1.03963 0.0516015
3.21699  -1.03834 0.0777303
3.24212  -1.03638 0.103827
3.26726  -1.03377 0.129874
3.29239  -1.03051 0.155855
3.31752  -1.02659 0.181755
3.34265  -1.02202 0.207556
3.36779  -1.01681 0.233242
3.39292  -1.01094 0.258797
3.41805  -1.00444 0.284205
3.44319  -0.997298 0.309449
3.46832  -0.98952 0.334514
3.49345  -0.981113 0.359383
3.51858  -0.972081 0.384042
3.54372  -0.962429 0.408473
3.56885  -0.952163 0.432661
3.59398  -0.941289 0.456592
3.61911  -0.929813 0.480249
3.64425  -0.917743 0.503617
3.66938  -0.905086 0.526683
3.69451  -0.891849 0.54943
3.71965  -0.878041 0.571845
3.74478  -0.863668 0.593912
3.76991  -0.848742 0.615619
3.79504  -0.83327 0.63695
3.82018  -0.817261 0.657892
3.84531  -0.800727 0.678432
3.87044  -0.783676 0.698557
3.89557  -0.766119 0.718253
3.92071  -0.748068 0.737507
3.94584  -0.729532 0.756308
3.97097  -0.710524 0.774643
3.99611  -0.691055 0.792501
4.02124  -0.671137 0.809869
4.04637  -0.650783 0.826737
4.0715  -0.630005 0.843092
4.09664  -0.608816 0.858926
4.12177  -0.587228 0.874227
4.1469  -0.565257 0.888986
4.17204  -0.542914 0.903193
4.19717  -0.520214 0.916837
4.2223  -0.497172 0.929912
4.24743  -0.4738 0.942407
4.27257  -0.450115 0.954315
4.2977  -0.426131 0.965628
4.32283  -0.401862 0.976338
4.34796  -0.377324 0.986437
4.3731  -0.352532 0.995921
4.39823  -0.327502 1.00478
4.42336  -0.302249 1.01301
4.4485  -0.276789 1.02061
4.47363  -0.251138 1.02756
4.49876  -0.225313 1.03388
4.52389  -0.199329 1.03954
4.54903  -0.173202 1.04455
4.57416  -0.14695 1.0489
4.59929  -0.120588 1.0526
4.62442  -0.0941335 1.05563
4.64956  -0.0676027 1.05799
4.67469  -0.0410125 1.05969
4.69982  -0.0143795 1.06072
4.72496  0.0122793 1.06108
4.75009  0.0389472 1.06077
4.77522  0.0656074 1.0598
4.80035  0.0922429 1.05815
4.82549  0.118837 1.05583
4.85062  0.145373 1.05284
4.87575  0.171834 1.04919
4.90088  0.198203 1.04487
4.92602  0.224463 1.03989
4.95115  0.250598 1.03425
4.97628  0.276592 1.02795
5.00142  0.302427 1.021
5.02655  0.328087 1.0134
5.05168  0.353557 1.00515
5.07681  0.378819 0.996264
5.10195  0.403858 0.986743
5.12708  0.428657 0.976593
5.15221  0.453202 0.96582
5.17734  0.477476 0.95443
5.20248  0.501463 0.94243
5.22761  0.525149 0.929826
5.25274  0.548518 0.916628
5.27788  0.571555 0.902842
5.30301  0.594246 0.888478
5.32814  0.616576 0.873542
5.35327  0.638531 0.858046
5.37841  0.660096 0.841998
5.40354  0.681257 0.825408
5.42867  0.702002 0.808286
5.4538  0.722317 0.790643
5.47894  0.742188 0.772489
5.50407  0.761602 0.753836
5.5292  0.780548 0.734695
5.55434  0.799013 0.715078
5.57947  0.816985 0.694996
5.6046  0.834452 0.674463
5.62973  0.851403 0.653491
5.65487  0.867827 0.632093
5.68  0.883714 0.610282
5.70513  0.899052 0.588072
5.73027  0.913832 0.565476
5.7554  0.928044 0.542509
5.78053  0.941678 0.519185
5.80566  0.954727 0.495518
5.8308  0.967181 0.471523
5.85593  0.979031 0.447215
5.88106  0.990271 0.422609
5.90619  1.00089 0.397721
5.93133  1.01089 0.372566
5.95646  1.02025 0.34716
5.98159  1.02898 0.321518
6.00673  1.03706 0.295657
6.03186  1.04449 0.269593
6.05699  1.05126 0.243342
6.08212  1.05738 0.216921
6.10726  1.06283 0.190346
6.13239  1.06762 0.163634
6.15752  1.07173 0.136802
6.18265  1.07517 0.109867
6.20779  1.07793 0.0828447
6.23292  1.08001 0.0557535
6.25805  1.08141 0.0286099
6.28319  1.08213 0.00143105
6.30832  1.08217 -0.0257658
6.33345  1.08152 -0.0529636
6.35858  1.08019 -0.0801451
6.38372  1.07817 -0.107293
6.40885  1.07548 -0.134391
6.43398  1.0721 -0.16142
6.45911  1.06804 -0.188365
6.48425  1.06331 -0.215208
6.50938  1.0579 -0.241932
6.53451  1.05182 -0.26852
6.55965  1.04507 -0.294955
6.58478  1.03766 -0.32122
6.60991  1.02958 -0.347299
6.63504  1.02085 -0.373176
6.66018  1.01148 -0.398832
6.68531  1.00145 -0.424254
6.71044  0.99079 -0.449423
6.73557  0.979494 -0.474324
6.76071  0.967573 -0.498941
6.78584  0.955034 -0.523259
6.81097  0.941883 -0.547262
6.83611  0.928128 -0.570934
6.86124  0.913779 -0.59426
6.88637  0.898844 -0.617226
6.9115  0.883331 -0.639817
6.93664  0.867251 -0.662017
6.96177  0.850613 -0.683813
6.9869  0.833427 -0.705192
7.01203  0.815703 -0.726138
7.03717  0.797453 -0.746639
7.0623  0.778688 -0.766681
7.08743  0.759419 -0.786252
7.11257  0.739659 -0.805338
7.1377  0.719418 -0.823928
7.16283  0.698711 -0.842009
7.18796  0.677549 -0.859569
7.2131  0.655946 -0.876598
7.23823  0.633914 -0.893083
7.26336  0.611469 -0.909015
7.28849  0.588623 -0.924383
7.31363  0.56539 -0.939177
7.33876  0.541786 -0.953387
7.36389  0.517825 -0.967003
7.38903  0.493521 -0.980018
7.41416  0.468891 -0.992421
7.43929  0.443949 -1.00421
7.46442  0.41871 -1.01536
7.48956  0.393191 -1.02589
7.51469  0.367408 -1.03577
7.53982  0.341376 -1.045
7.56496  0.315113 -1.05358
7.59009  0.288633 -1.0615
7.61522  0.261955 -1.06876
7.64035  0.235094 -1.07534
7.66549  0.208068 -1.08125
7.69062  0.180893 -1.08648
7.71575  0.153587 -1.09102
7.74088  0.126166 -1.09488
7.76602  0.0986489 -1.09806
7.79115  0.0710518 -1.10053
7.81628  0.0433923 -1.10232
7.84142  0.015688 -1.10341
7.86655  -0.0120437 -1.1038
7.89168  -0.0397854 -1.1035
7.91681  -0.0675194 -1.1025
7.94195  -0.0952283 -1.10081
7.96708  -0.122895 -1.09841
7.99221  -0.150501 -1.09532
8.01734  -0.178029 -1.09154
8.04248  -0.205463 -1.08707
8.06761  -0.232784 -1.0819
8.09274  -0.259975 -1.07605
8.11788  -0.287019 -1.06952
8.14301  -0.313899 -1.0623
8.16814  -0.340597 -1.05442
8.19327  -0.367098 -1.04586
8.21841  -0.393383 -1.03663
8.24354  -0.419436 -1.02674
8.26867  -0.445241 -1.0162
8.2938  -0.470781 -1.00501
8.31894  -0.49604 -0.993179
8.34407  -0.521001 -0.980712
8.3692  -0.545649 -0.967618
8.39434  -0.569968 -0.953904
8.41947  -0.593942 -0.939579
8.4446  -0.617556 -0.924652
8.46973  -0.640795 -0.909131
8.49487  -0.663644 -0.893026
8.52  -0.686089 -0.876347
8.54513  -0.708114 -0.859103
8.57026  -0.729705 -0.841307
8.5954  -0.750849 -0.822967
8.62053  -0.771533 -0.804096
8.64566  -0.791742 -0.784706
8.6708  -0.811464 -0.764807
8.69593  -0.830686 -0.744413
8.72106  -0.849395 -0.723535
8.74619  -0.867579 -0.702188
8.77133  -0.885227 -0.680383
8.79646  -0.902327 -0.658135
8.82159  -0.918868 -0.635457
8.84672  -0.934838 -0.612363
8.87186  -0.950229 -0.588868
8.89699  -0.965029 -0.564986
8.92212  -0.979228 -0.540732
8.94726  -0.992818 -0.516122
8.97239  -1.00579 -0.491169
8.99752  -1.01813 -0.465891
9.02265  -1.02984 -0.440303
9.04779  -1.04091 -0.41442
9.07292  -1.05132 -0.388259
9.09805  -1.06108 -0.361836
9.12319  -1.07018 -0.335168
9.14832  -1.0786 -0.308272
9.17345  -1.08635 -0.281164
9.19858  -1.09341 -0.253861
9.22372  -1.09979 -0.22638
9.24885  -1.10548 -0.198739
9.27398  -1.11048 -0.170956
9.29911  -1.11478 -0.143046
9.32425  -1.11837 -0.115029
9.34938  -1.12126 -0.0869211
9.37451  -1.12345 -0.0587407
9.39965  -1.12492 -0.0305054
9.42478  -1.12569 -0.00223298
9.44991  -1.12575 0.0260587
9.47504  -1.12509 0.0543518
9.50018  -1.12372 0.0826284
9.52531  -1.12165 0.110871
9.55044  -1.11886 0.139061
9.57557  -1.11537 0.167181
9.60071  -1.11117 0.195213
9.62584  -1.10626 0.22314
9.65097  -1.10065 0.250943
9.67611  -1.09434 0.278605
9.70124  -1.08734 0.306109
9.72637  -1.07965 0.333437
9.7515  -1.07127 0.360572
9.77664  -1.06221 0.387496
9.80177  -1.05247 0.414192
9.8269  -1.04206 0.440643
9.85203  -1.03098 0.466833
9.87717  -1.01925 0.492744
9.9023  -1.00687 0.518361
9.92743  -0.993838 0.543666
9.95257  -0.980174 0.568644
9.9777  -0.965883 0.593278
10.0028  -0.950972 0.617554
10.028  -0.935451 0.641454
10.0531  -0.91933 0.664965
10.0782  -0.902617 0.68807
10.1034  -0.885324 0.710755
10.1285  -0.867461 0.733006
10.1536  -0.849039 0.754808
10.1788  -0.830068 0.776146
10.2039  -0.810562 0.797008
10.229  -0.790531 0.81738
10.2542  -0.769988 0.837248
10.2793  -0.748945 0.8566
10.3044  -0.727416 0.875423
10.3296  -0.705415 0.893705
10.3547  -0.682953 0.911434
10.3798  -0.660047 0.928598
10.405  -0.636708 0.945187
10.4301  -0.612953 0.961189
10.4552  -0.588796 0.976595
10.4804  -0.564251 0.991393
10.5055  -0.539335 1.00557
10.5306  -0.514062 1.01913
10.5558  -0.488449 1.03205
10.5809  -0.462511 1.04432
10.606  -0.436264 1.05595
10.6311  -0.409725 1.06691
10.6563  -0.38291 1.07721
10.6814  -0.355837 1.08683
10.7065  -0.328522 1.09578
10.7317  -0.300982 1.10403
10.7568  -0.273235 1.1116
10.7819  -0.245297 1.11847
10.8071  -0.217187 1.12463
10.8322  -0.188922 1.13009
10.8573  -0.16052 1.13484
10.8825  -0.131998 1.13887
10.9076  -0.103375 1.14219
10.9327  -0.0746689 1.14479
10.9579  -0.0458973 1.14666
10.983  -0.0170785 1.14782
11.0081  0.0117693 1.14825
11.0333  0.0406279 1.14795
11.0584  0.0694791 1.14693
11.0835  0.0983046 1.14518
11.1087  0.127086 1.14271
11.1338  0.155806 1.13952
11.1589  0.184445 1.1356
11.1841  0.212986 1.13097
11.2092  0.24141 1.12561
11.2343  0.2697 1.11955
11.2595  0.297837 1.11277
11.2846  0.325804 1.10528
11.3097  0.353583 1.0971
11.3349  0.381156 1.08821
11.36  0.408506 1.07863
11.3851  0.435614 1.06836
11.4103  0.462465 1.05741
11.4354  0.489041 1.04579
11.4605  0.515325 1.0335
11.4857  0.541299 1.02055
11.5108  0.566949 1.00694
11.5359  0.592256 0.992695
11.5611  0.617205 0.97781
11.5862  0.64178 0.962298
11.6113  0.665965 0.946169
11.6365  0.689745 0.929431
11.6616  0.713104 0.912096
11.6867  0.736028 0.894174
11.7119  0.758501 0.875675
11.737  0.780509 0.856612
11.7621  0.802038 0.836996
11.7873  0.823074 0.816838
11.8124  0.843603 0.796152
11.8375  0.863613 0.77495
11.8627  0.883089 0.753245
11.8878  0.90202 0.731051
11.9129  0.920394 0.70838
11.9381  0.938197 0.685248
11.9632  0.955419 0.661669
11.9883  0.972049 0.637657
12.0135  0.988075 0.613226
12.0386  1.00349 0.588393
12.0637  1.01828 0.563173
12.0888  1.03243 0.537581
12.114  1.04594 0.511633
12.1391  1.0588 0.485346
12.1642  1.071 0.458735
12.1894  1.08253 0.431818
12.2145  1.09338 0.404611
12.2396  1.10355 0.377132
12.2648  1.11303 0.349397
12.2899  1.12181 0.321423
12.315  1.12989 0.293229
12.3402  1.13726 0.264832
12.3653  1.14391 0.23625
12.3904  1.14985 0.2075
12.4156  1.15506 0.178601
12.4407  1.15955 0.149571
12.4658  1.16331 0.120429
12.491  1.16634 0.0911913
12.5161  1.16863 0.061878
12.5412  1.17019 0.0325071
12.5664  1.171 0.00309715
