0  1 0
0.502655  0.876307 -0.481754
1.00531  0.535827 -0.844328
1.50796  0.0627908 -0.998027
2.01062  -0.425779 -0.904827
2.51327  -0.809017 -0.587786
3.01593  -0.992115 -0.125334
3.51858  -0.929777 0.368124
4.02124  -0.637424 0.770513
4.52389  -0.187382 0.982287
5.02655  0.309016 0.951057
5.5292  0.728968 0.684548
6.03186  0.968583 0.248691
6.53451  0.968583 -0.248689
7.03717  0.728969 -0.684546
7.53982  0.309018 -0.951056
8.04248  -0.18738 -0.982287
8.54513  -0.637423 -0.770514
9.04779  -0.929776 -0.368126
9.55044  -0.992115 0.125332
10.0531  -0.809018 0.587784
10.5558  -0.425781 0.904826
11.0584  0.0627888 0.998027
11.5611  0.535825 0.844329
12.0637  0.876306 0.481755
12.5664  1 1.99111e-06
