0  1 0
0.125664  0.992115 -0.125333
0.251327  0.968583 -0.24869
0.376991  0.929777 -0.368124
0.502655  0.876307 -0.481754
0.628319  0.809017 -0.587785
0.753982  0.728969 -0.684547
0.879646  0.637424 -0.770513
1.00531  0.535827 -0.844328
1.13097  0.42578 -0.904827
1.25664  0.309017 -0.951056
1.3823  0.187382 -0.982287
1.50796  0.062791 -0.998027
1.63363  -0.06279 -0.998027
1.75929  -0.187381 -0.982287
1.88496  -0.309016 -0.951057
2.01062  -0.425779 -0.904827
2.13628  -0.535826 -0.844328
2.26195  -0.637423 -0.770514
2.38761  -0.728968 -0.684548
2.51327  -0.809016 -0.587786
2.63894  -0.876306 -0.481754
2.7646  -0.929776 -0.368125
2.89027  -0.968583 -0.248691
3.01593  -0.992115 -0.125334
3.14159  -1 -1.08705e-06
3.26726  -0.992115 0.125332
3.39292  -0.968583 0.248689
3.51858  -0.929777 0.368123
3.64425  -0.876307 0.481753
3.76991  -0.809018 0.587784
3.89557  -0.72897 0.684546
4.02124  -0.637425 0.770512
4.1469  -0.535828 0.844327
4.27257  -0.425781 0.904826
4.39823  -0.309018 0.951056
4.52389  -0.187383 0.982287
4.64956  -0.0627921 0.998027
4.77522  0.0627889 0.998027
4.90088  0.18738 0.982288
5.02655  0.309015 0.951057
5.15221  0.425778 0.904828
5.27788  0.535825 0.844329
5.40354  0.637423 0.770514
5.5292  0.728967 0.684549
5.65487  0.809016 0.587787
5.78053  0.876306 0.481755
5.90619  0.929776 0.368126
6.03186  0.968583 0.248692
6.15752  0.992114 0.125335
6.28319  1 2.17409e-06
6.40885  0.992115 -0.125331
6.53451  0.968584 -0.248688
6.66018  0.929777 -0.368122
6.78584  0.876308 -0.481752
6.9115  0.809018 -0.587783
7.03717  0.72897 -0.684545
7.16283  0.637426 -0.770512
7.28849  0.535829 -0.844327
7.41416  0.425782 -0.904826
7.53982  0.309019 -0.951056
7.66549  0.187384 -0.982287
7.79115  0.0627932 -0.998027
7.91681  -0.0627878 -0.998027
8.04248  -0.187379 -0.982288
8.16814  -0.309014 -0.951057
8.2938  -0.425777 -0.904828
8.41947  -0.535824 -0.844329
8.54513  -0.637422 -0.770515
8.6708  -0.728967 -0.684549
8.79646  -0.809015 -0.587788
8.92212  -0.876305 -0.481756
9.04779  -0.929775 -0.368127
9.17345  -0.968582 -0.248693
9.29911  -0.992114 -0.125336
9.42478  -1 -3.26114e-06
9.55044  -0.992115 0.12533
9.67611  -0.968584 0.248687
9.80177  -0.929778 0.368121
9.92743  -0.876308 0.481751
10.0531  -0.809019 0.587782
10.1788  -0.728971 0.684545
10.3044  -0.637427 0.770511
10.4301  -0.53583 0.844326
10.5558  -0.425783 0.904825
10.6814  -0.309021 0.951055
10.8071  -0.187385 0.982287
10.9327  -0.0627943 0.998026
11.0584  0.0627867 0.998027
11.1841  0.187378 0.982288
11.3097  0.309013 0.951058
11.4354  0.425776 0.904829
11.5611  0.535823 0.84433
11.6867  0.637421 0.770516
11.8124  0.728966 0.68455
11.9381  0.809015 0.587789
12.0637  0.876305 0.481757
12.1894  0.929775 0.368128
12.315  0.968582 0.248694
12.4407  0.992114 0.125338
12.5664  1 4.34819e-06
