0  1 0
0.125664  0.992111 -0.125333
0.251327  0.968577 -0.248688
0.376991  0.929767 -0.36812
0.502655  0.876295 -0.481747
0.628319  0.809003 -0.587775
0.753982  0.728954 -0.684532
0.879646  0.637409 -0.770494
1.00531  0.535813 -0.844304
1.13097  0.425767 -0.904798
1.25664  0.309007 -0.951023
1.3823  0.187375 -0.98225
1.50796  0.0627893 -0.997985
1.63363  -0.0627862 -0.997982
1.75929  -0.187371 -0.98224
1.88496  -0.308999 -0.951008
2.01062  -0.425754 -0.904778
2.13628  -0.535794 -0.844279
2.26195  -0.637383 -0.770467
2.38761  -0.728919 -0.684504
2.51327  -0.80896 -0.587746
2.63894  -0.876242 -0.481721
2.7646  -0.929705 -0.368099
2.89027  -0.968505 -0.248673
3.01593  -0.992032 -0.125326
3.14159  -0.999914 -2.89944e-06
3.26726  -0.992026 0.125319
3.39292  -0.968494 0.248664
3.51858  -0.929688 0.368086
3.64425  -0.87622 0.481702
3.76991  -0.808935 0.587721
3.89557  -0.728893 0.684471
4.02124  -0.637356 0.770426
4.1469  -0.535769 0.84423
4.27257  -0.425733 0.904719
4.39823  -0.308983 0.95094
4.52389  -0.187362 0.982164
4.64956  -0.0627868 0.997899
4.77522  0.0627779 0.997896
4.90088  0.187352 0.982156
5.02655  0.30897 0.950926
5.15221  0.425715 0.904701
5.27788  0.535745 0.844208
5.40354  0.637325 0.770402
5.5292  0.728854 0.684447
5.65487  0.808888 0.587698
5.78053  0.876165 0.481682
5.90619  0.929623 0.36807
6.03186  0.968421 0.248654
6.15752  0.991946 0.125318
6.28319  0.999827 5.79838e-06
6.40885  0.991941 -0.125305
6.53451  0.968411 -0.248639
6.66018  0.929608 -0.368051
6.78584  0.876146 -0.481658
6.9115  0.808867 -0.587668
7.03717  0.728832 -0.68441
7.16283  0.637303 -0.770357
7.28849  0.535725 -0.844155
7.41416  0.425699 -0.90464
7.53982  0.30896 -0.950857
7.66549  0.187349 -0.982079
7.79115  0.0627842 -0.997812
7.91681  -0.0627696 -0.99781
8.04248  -0.187333 -0.982071
8.16814  -0.30894 -0.950845
8.2938  -0.425675 -0.904624
8.41947  -0.535696 -0.844137
8.54513  -0.637268 -0.770337
8.6708  -0.728789 -0.68439
8.79646  -0.808816 -0.58765
8.92212  -0.876088 -0.481643
9.04779  -0.929542 -0.368041
9.17345  -0.968337 -0.248635
9.29911  -0.99186 -0.12531
9.42478  -0.999741 -8.69682e-06
9.55044  -0.991855 0.125292
9.67611  -0.968328 0.248615
9.80177  -0.929529 0.368017
9.92743  -0.876072 0.481614
10.0531  -0.808799 0.587615
10.1788  -0.728771 0.684349
10.3044  -0.637251 0.770289
10.4301  -0.535681 0.844081
10.5558  -0.425664 0.90456
10.6814  -0.308936 0.950774
10.8071  -0.187335 0.981993
10.9327  -0.0627817 0.997726
11.0584  0.0627612 0.997724
11.1841  0.187314 0.981987
11.3097  0.308911 0.950764
11.4354  0.425636 0.904547
11.5611  0.535647 0.844065
11.6867  0.637211 0.770272
11.8124  0.728724 0.684333
11.9381  0.808745 0.587601
12.0637  0.876011 0.481604
12.1894  0.929461 0.368012
12.315  0.968252 0.248617
12.4407  0.991774 0.125302
12.5664  0.999654 1.15948e-05
