0  1 0
0.125664  0.992115 -0.125333
0.251327  0.968583 -0.24869
0.376991  0.929776 -0.368125
0.502655  0.876307 -0.481754
0.628319  0.809017 -0.587785
0.753982  0.728969 -0.684547
0.879646  0.637424 -0.770513
1.00531  0.535827 -0.844328
1.13097  0.425779 -0.904827
1.25664  0.309017 -0.951057
1.3823  0.187381 -0.982287
1.50796  0.0627905 -0.998027
1.63363  -0.0627905 -0.998027
1.75929  -0.187381 -0.982287
1.88496  -0.309017 -0.951057
2.01062  -0.425779 -0.904827
2.13628  -0.535827 -0.844328
2.26195  -0.637424 -0.770513
2.38761  -0.728969 -0.684547
2.51327  -0.809017 -0.587785
2.63894  -0.876307 -0.481754
2.7646  -0.929776 -0.368125
2.89027  -0.968583 -0.24869
3.01593  -0.992115 -0.125333
3.14159  -1 -2.94357e-10
3.26726  -0.992115 0.125333
3.39292  -0.968583 0.24869
3.51858  -0.929776 0.368125
3.64425  -0.876307 0.481754
3.76991  -0.809017 0.587785
3.89557  -0.728969 0.684547
4.02124  -0.637424 0.770513
4.1469  -0.535827 0.844328
4.27257  -0.425779 0.904827
4.39823  -0.309017 0.951056
4.52389  -0.187381 0.982287
4.64956  -0.0627905 0.998027
4.77522  0.0627905 0.998027
4.90088  0.187381 0.982287
5.02655  0.309017 0.951056
5.15221  0.425779 0.904827
5.27788  0.535827 0.844328
5.40354  0.637424 0.770513
5.5292  0.728969 0.684547
5.65487  0.809017 0.587785
5.78053  0.876307 0.481754
5.90619  0.929776 0.368125
6.03186  0.968583 0.24869
6.15752  0.992115 0.125333
6.28319  1 5.88713e-10
6.40885  0.992115 -0.125333
6.53451  0.968583 -0.24869
6.66018  0.929776 -0.368125
6.78584  0.876307 -0.481754
6.9115  0.809017 -0.587785
7.03717  0.728969 -0.684547
7.16283  0.637424 -0.770513
7.28849  0.535827 -0.844328
7.41416  0.425779 -0.904827
7.53982  0.309017 -0.951056
7.66549  0.187381 -0.982287
7.79115  0.0627905 -0.998027
7.91681  -0.0627905 -0.998027
8.04248  -0.187381 -0.982287
8.16814  -0.309017 -0.951056
8.2938  -0.425779 -0.904827
8.41947  -0.535827 -0.844328
8.54513  -0.637424 -0.770513
8.6708  -0.728969 -0.684547
8.79646  -0.809017 -0.587785
8.92212  -0.876307 -0.481754
9.04779  -0.929776 -0.368125
9.17345  -0.968583 -0.24869
9.29911  -0.992115 -0.125333
9.42478  -1 -8.8307e-10
9.55044  -0.992115 0.125333
9.67611  -0.968583 0.24869
9.80177  -0.929776 0.368125
9.92743  -0.876307 0.481754
10.0531  -0.809017 0.587785
10.1788  -0.728969 0.684547
10.3044  -0.637424 0.770513
10.4301  -0.535827 0.844328
10.5558  -0.425779 0.904827
10.6814  -0.309017 0.951056
10.8071  -0.187381 0.982287
10.9327  -0.0627905 0.998027
11.0584  0.0627905 0.998027
11.1841  0.187381 0.982287
11.3097  0.309017 0.951056
11.4354  0.425779 0.904827
11.5611  0.535827 0.844328
11.6867  0.637424 0.770513
11.8124  0.728969 0.684547
11.9381  0.809017 0.587785
12.0637  0.876307 0.481754
12.1894  0.929776 0.368125
12.315  0.968583 0.24869
12.4407  0.992115 0.125333
12.5664  1 1.17743e-09
